2015-12-06 03:32:08
1 threads
129 trees
11 iterations
14.268606 1.000000
2 8 4 1 2 2 9 7 13 2 10 2 10 2 3 1 9 5 4 1 1 1 3 3 1 2 2 1 1 2 1 1 2 3 1 1 1 1 2 1 1 
Time : 1.550000 seconds

=====================
2015-12-06 03:32:10
1 threads
129 trees
11 iterations
12.320006 1.000000
4 8 18 5 27 1 6 10 4 2 4 4 2 3 2 1 8 2 4 1 3 1 1 5 1 1 1 
Time : 1.430000 seconds

=====================
2015-12-06 03:32:11
1 threads
129 trees
11 iterations
4.024837 1.000000
129 
Time : 0.800000 seconds

=====================
2015-12-06 03:32:12
1 threads
129 trees
11 iterations
14.066155 1.000000
5 1 16 5 4 1 1 7 8 1 3 14 3 6 1 6 5 7 2 1 1 2 1 4 1 1 3 1 4 1 2 1 2 1 1 1 1 2 1 1 
Time : 1.170000 seconds

=====================
2015-12-06 03:32:13
1 threads
129 trees
11 iterations
8.298720 1.000000
123 4 1 1 
Time : 1.220000 seconds

=====================
2015-12-06 03:32:14
1 threads
129 trees
11 iterations
6.409297 1.000000
129 
Time : 0.920000 seconds

=====================
2015-12-06 03:32:15
1 threads
129 trees
11 iterations
8.799604 1.000000
119 6 2 1 1 
Time : 1.210000 seconds

=====================
2015-12-06 03:32:16
1 threads
129 trees
11 iterations
6.200459 1.000000
129 
Time : 0.840000 seconds

=====================
2015-12-06 03:32:18
1 threads
129 trees
11 iterations
10.040835 1.000000
114 4 7 1 1 1 1 
Time : 1.170000 seconds

=====================
2015-12-06 03:32:19
1 threads
129 trees
11 iterations
13.697067 1.000000
13 29 2 1 13 2 5 3 3 3 6 5 6 1 1 1 3 1 1 6 3 1 2 1 1 2 2 1 2 1 2 1 1 1 1 1 1 
Time : 1.410000 seconds

=====================
2015-12-06 03:32:20
1 threads
129 trees
11 iterations
12.010434 1.000000
5 30 24 1 15 2 3 3 2 1 7 5 1 2 4 1 2 3 1 4 1 1 1 2 1 1 1 1 2 1 1 
Time : 1.290000 seconds

=====================
2015-12-06 03:32:21
1 threads
129 trees
11 iterations
5.201060 1.000000
129 
Time : 0.870000 seconds

=====================
2015-12-06 03:32:23
1 threads
129 trees
11 iterations
13.764109 1.000000
2 3 4 8 11 1 2 4 7 4 3 6 2 1 1 8 4 5 3 2 3 13 5 6 3 1 1 1 1 1 2 1 1 1 1 1 1 1 1 1 1 1 
Time : 1.440000 seconds

=====================
2015-12-06 03:32:24
1 threads
129 trees
11 iterations
10.787826 1.000000
61 17 9 6 1 6 9 4 1 1 3 3 3 1 1 1 2 
Time : 1.150000 seconds

=====================
2015-12-06 03:32:25
1 threads
129 trees
11 iterations
6.804575 1.000000
126 3 
Time : 1.050000 seconds

=====================
