2015-12-06 03:36:36
1 threads
129 trees
11 iterations
11.758825 1.000000
20 8 1 5 3 1 3 6 16 14 3 1 16 1 2 7 4 1 3 1 1 3 2 2 1 1 1 1 1 
Time : 1.480105 seconds

=====================
2015-12-06 03:36:37
1 threads
129 trees
11 iterations
6.701149 1.000000
128 1 
Time : 0.855020 seconds

=====================
2015-12-06 03:36:39
1 threads
129 trees
11 iterations
15.900753 1.000000
1 10 1 19 3 11 4 1 4 1 2 1 7 2 2 3 1 3 1 1 4 1 2 5 1 2 4 2 2 2 1 1 1 2 1 1 1 1 1 1 2 2 1 1 1 1 2 1 1 1 1 1 
Time : 1.830793 seconds

=====================
2015-12-06 03:36:41
1 threads
129 trees
11 iterations
15.433126 1.000000
2 12 6 2 6 3 2 13 1 1 5 4 1 1 1 1 1 2 2 1 1 1 1 5 6 4 1 2 1 3 1 2 1 2 2 2 2 1 1 2 1 1 1 2 1 3 1 2 1 1 1 1 1 1 1 1 1 
Time : 1.960539 seconds

=====================
2015-12-06 03:36:43
1 threads
129 trees
11 iterations
12.180707 1.000000
7 4 1 11 2 3 6 4 9 6 1 6 1 1 1 2 14 5 6 2 1 5 4 2 1 2 1 1 1 3 1 1 2 1 1 3 4 1 1 1 
Time : 1.478360 seconds

=====================
2015-12-06 03:36:44
1 threads
129 trees
11 iterations
8.644370 1.000000
61 43 2 1 4 3 13 2 
Time : 1.236363 seconds

=====================
2015-12-06 03:36:45
1 threads
129 trees
11 iterations
11.599268 1.000000
3 16 27 8 2 1 8 6 15 2 10 3 5 1 3 1 2 4 1 3 1 3 1 1 1 1 
Time : 1.188517 seconds

=====================
2015-12-06 03:36:47
1 threads
129 trees
11 iterations
14.380264 1.000000
16 3 5 3 1 3 1 3 1 1 1 2 9 3 5 2 11 1 3 7 2 2 2 1 1 1 1 1 1 1 3 2 3 1 1 4 1 1 2 1 4 1 1 3 2 1 2 1 1 
Time : 1.530589 seconds

=====================
2015-12-06 03:36:48
1 threads
129 trees
11 iterations
5.082524 1.000000
129 
Time : 1.033000 seconds

=====================
2015-12-06 03:36:49
1 threads
129 trees
11 iterations
15.290113 1.000000
8 3 6 9 1 1 3 5 4 2 1 2 3 2 4 1 2 2 1 1 2 16 2 1 4 1 1 3 1 1 1 2 1 1 4 2 1 2 1 2 2 2 1 1 1 1 1 1 1 3 1 2 1 1 
Time : 1.387615 seconds

=====================
2015-12-06 03:36:50
1 threads
129 trees
11 iterations
5.333720 1.000000
129 
Time : 1.249320 seconds

=====================
2015-12-06 03:36:52
1 threads
129 trees
11 iterations
8.925979 1.000000
54 65 7 1 1 1 
Time : 1.095230 seconds

=====================
2015-12-06 03:36:53
1 threads
129 trees
11 iterations
15.089889 1.000000
18 3 4 4 2 2 9 2 6 1 2 2 4 2 2 1 4 5 2 2 1 3 3 1 1 1 1 2 4 1 2 2 1 2 3 2 2 1 2 1 1 1 1 2 1 3 2 1 1 2 1 
Time : 1.707373 seconds

=====================
2015-12-06 03:36:55
1 threads
129 trees
11 iterations
11.703607 1.000000
14 27 5 14 5 2 16 9 6 4 5 1 4 4 1 3 1 3 1 1 1 1 1 
Time : 1.332780 seconds

=====================
2015-12-06 03:36:56
1 threads
129 trees
11 iterations
13.222277 1.000000
14 1 13 2 2 4 10 12 6 1 3 2 2 1 2 15 1 4 1 3 2 4 2 1 4 1 1 1 1 1 1 2 1 1 1 1 1 1 1 1 1 
Time : 1.360714 seconds

=====================
2015-12-06 03:36:57
2 threads
129 trees
11 iterations
13.071759 1.000000
22 9 1 5 9 2 2 9 1 3 2 7 3 2 2 6 7 4 1 6 2 2 1 1 2 3 1 1 1 1 3 1 1 1 2 1 1 1 
Time : 0.868255 seconds

=====================
2015-12-06 03:36:58
2 threads
129 trees
11 iterations
6.558637 1.000000
129 
Time : 0.857741 seconds

=====================
2015-12-06 03:36:59
2 threads
129 trees
11 iterations
12.526382 1.000000
16 5 3 11 1 4 1 1 7 11 13 6 4 3 12 3 8 1 3 2 1 2 1 1 1 1 1 1 2 1 1 1 
Time : 1.065600 seconds

=====================
2015-12-06 03:37:00
2 threads
129 trees
11 iterations
4.757770 1.000000
129 
Time : 0.805920 seconds

=====================
2015-12-06 03:37:01
2 threads
129 trees
11 iterations
7.138025 1.000000
11 114 4 
Time : 0.922367 seconds

=====================
2015-12-06 03:37:02
2 threads
129 trees
11 iterations
14.946069 1.000000
5 12 6 4 3 2 3 2 6 6 1 2 1 2 2 4 5 1 7 4 2 1 3 2 3 5 3 1 2 1 3 4 1 1 2 1 1 1 3 2 1 1 1 1 1 1 1 1 1 
Time : 1.145802 seconds

=====================
2015-12-06 03:37:03
2 threads
129 trees
11 iterations
6.746156 1.000000
129 
Time : 0.931189 seconds

=====================
2015-12-06 03:37:04
2 threads
129 trees
11 iterations
3.999348 1.000000
129 
Time : 0.665555 seconds

=====================
2015-12-06 03:37:05
2 threads
129 trees
11 iterations
5.401492 1.000000
129 
Time : 0.654902 seconds

=====================
2015-12-06 03:37:06
2 threads
129 trees
11 iterations
14.115062 1.000000
5 10 8 1 1 1 4 3 5 4 7 1 8 1 1 3 10 7 2 2 1 2 1 8 1 7 1 1 3 1 1 3 1 1 1 2 1 1 2 1 1 1 1 1 1 
Time : 1.290056 seconds

=====================
2015-12-06 03:37:08
2 threads
129 trees
11 iterations
15.378235 1.000000
1 2 1 13 9 1 4 1 14 7 6 2 2 2 2 1 3 2 3 2 4 2 1 3 2 3 2 1 1 2 1 1 2 1 2 3 1 2 1 1 1 1 2 1 1 1 1 1 1 1 1 1 1 1 
Time : 1.455332 seconds

=====================
2015-12-06 03:37:08
2 threads
129 trees
11 iterations
10.127236 1.000000
37 8 20 41 8 3 4 1 2 1 2 1 1 
Time : 0.702394 seconds

=====================
2015-12-06 03:37:09
2 threads
129 trees
11 iterations
10.127236 1.000000
37 8 20 41 8 3 4 1 2 1 2 1 1 
Time : 0.706453 seconds

=====================
2015-12-06 03:37:10
2 threads
129 trees
11 iterations
10.496803 1.000000
30 19 19 13 16 2 1 2 5 3 5 2 3 3 1 3 1 1 
Time : 0.872414 seconds

=====================
2015-12-06 03:37:11
2 threads
129 trees
11 iterations
4.579451 1.000000
129 
Time : 0.690008 seconds

=====================
2015-12-06 03:37:11
4 threads
129 trees
11 iterations
14.105886 1.000000
3 1 12 12 1 30 12 2 6 3 5 5 3 1 1 8 1 4 2 3 1 1 1 2 2 1 1 1 1 1 1 1 
Time : 0.671620 seconds

=====================
2015-12-06 03:37:12
4 threads
129 trees
11 iterations
15.084438 1.000000
27 1 4 1 6 9 1 4 1 2 2 1 2 2 1 1 1 5 3 5 1 1 1 1 1 4 1 3 6 1 3 2 1 1 4 2 2 1 1 1 1 1 2 1 1 2 1 1 1 1 
Time : 0.713556 seconds

=====================
2015-12-06 03:37:13
4 threads
129 trees
11 iterations
15.084438 1.000000
27 1 4 1 6 9 1 4 1 2 2 1 2 2 1 1 1 5 3 5 1 1 1 1 1 4 1 3 6 1 3 2 1 1 4 2 2 1 1 1 1 1 2 1 1 2 1 1 1 1 
Time : 0.832180 seconds

=====================
2015-12-06 03:37:14
4 threads
129 trees
11 iterations
14.744875 1.000000
6 1 14 2 4 6 4 3 4 7 3 4 2 5 6 2 4 3 3 6 1 1 2 2 8 1 4 1 1 2 2 1 1 2 1 2 1 1 2 1 1 1 1 
Time : 0.692449 seconds

=====================
2015-12-06 03:37:15
4 threads
129 trees
11 iterations
11.321697 1.000000
3 67 2 1 2 14 3 1 6 4 3 1 2 1 1 1 2 2 1 2 1 3 1 1 1 1 1 1 
Time : 0.612271 seconds

=====================
2015-12-06 03:37:15
4 threads
129 trees
11 iterations
9.382630 1.000000
37 55 24 2 3 1 5 1 1 
Time : 0.491790 seconds

=====================
2015-12-06 03:37:16
4 threads
129 trees
11 iterations
9.382630 1.000000
37 55 24 2 3 1 5 1 1 
Time : 0.459641 seconds

=====================
2015-12-06 03:37:16
4 threads
129 trees
11 iterations
4.069989 1.000000
129 
Time : 0.516468 seconds

=====================
2015-12-06 03:37:17
4 threads
129 trees
11 iterations
4.069989 1.000000
129 
Time : 0.492318 seconds

=====================
2015-12-06 03:37:17
4 threads
129 trees
11 iterations
13.496808 1.000000
4 3 3 1 2 5 3 11 6 2 1 2 10 1 5 1 4 4 6 1 1 2 2 2 7 3 1 5 2 1 2 1 2 1 2 2 1 1 3 3 2 2 1 1 3 1 
Time : 0.674377 seconds

=====================
2015-12-06 03:37:18
4 threads
129 trees
11 iterations
15.391665 1.000000
6 6 6 3 5 1 3 4 2 6 1 3 1 2 1 1 3 2 1 2 6 4 2 3 2 4 5 1 2 5 2 1 1 1 1 1 2 2 1 3 2 4 5 3 1 1 1 1 2 1 
Time : 0.721264 seconds

=====================
2015-12-06 03:37:19
4 threads
129 trees
11 iterations
15.391665 1.000000
6 6 6 3 5 1 3 4 2 6 1 3 1 2 1 1 3 2 1 2 6 4 2 3 2 4 5 1 2 5 2 1 1 1 1 1 2 2 1 3 2 4 5 3 1 1 1 1 2 1 
Time : 0.769431 seconds

=====================
2015-12-06 03:37:20
4 threads
129 trees
11 iterations
13.407213 1.000000
7 1 1 2 10 1 3 2 14 2 6 11 2 2 3 5 5 4 2 1 3 9 1 1 4 2 5 4 1 2 2 1 1 1 1 1 1 1 2 1 1 
Time : 0.725823 seconds

=====================
2015-12-06 03:37:21
4 threads
129 trees
11 iterations
15.237892 1.000000
4 1 3 8 1 4 5 2 16 1 4 1 7 2 1 7 9 1 3 7 2 5 3 1 3 3 1 2 2 1 1 3 2 1 1 1 1 1 1 1 1 1 1 1 1 1 
Time : 0.578851 seconds

=====================
2015-12-06 03:37:21
4 threads
129 trees
11 iterations
6.381561 1.000000
129 
Time : 0.512236 seconds

=====================
2015-12-06 03:37:21
8 threads
129 trees
11 iterations
6.381561 1.000000
129 
Time : 0.292689 seconds

=====================
2015-12-06 03:37:22
8 threads
129 trees
11 iterations
6.381561 1.000000
129 
Time : 0.295124 seconds

=====================
2015-12-06 03:37:22
8 threads
129 trees
11 iterations
13.485469 1.000000
10 5 2 4 3 11 7 4 1 4 1 4 8 5 3 12 1 1 3 2 3 4 2 5 1 6 1 1 1 1 1 1 1 2 2 1 1 1 1 1 1 
Time : 0.444217 seconds

=====================
2015-12-06 03:37:23
8 threads
129 trees
11 iterations
13.485469 1.000000
10 5 2 4 3 11 7 4 1 4 1 4 8 5 3 12 1 1 3 2 3 4 2 5 1 6 1 1 1 1 1 1 1 2 2 1 1 1 1 1 1 
Time : 0.447140 seconds

=====================
2015-12-06 03:37:23
8 threads
129 trees
11 iterations
8.607133 1.000000
118 3 2 1 1 3 1 
Time : 0.262048 seconds

=====================
2015-12-06 03:37:23
8 threads
129 trees
11 iterations
8.607133 1.000000
118 3 2 1 1 3 1 
Time : 0.239704 seconds

=====================
2015-12-06 03:37:24
8 threads
129 trees
11 iterations
8.607133 1.000000
118 3 2 1 1 3 1 
Time : 0.277115 seconds

=====================
2015-12-06 03:37:24
8 threads
129 trees
11 iterations
9.402556 1.000000
118 2 1 2 1 3 2 
Time : 0.250582 seconds

=====================
2015-12-06 03:37:24
8 threads
129 trees
11 iterations
9.402556 1.000000
118 2 1 2 1 3 2 
Time : 0.300235 seconds

=====================
2015-12-06 03:37:25
8 threads
129 trees
11 iterations
9.402556 1.000000
118 2 1 2 1 3 2 
Time : 0.256174 seconds

=====================
2015-12-06 03:37:25
8 threads
129 trees
11 iterations
8.294702 1.000000
123 1 2 2 1 
Time : 0.232326 seconds

=====================
2015-12-06 03:37:25
8 threads
129 trees
11 iterations
8.294702 1.000000
123 1 2 2 1 
Time : 0.216444 seconds

=====================
2015-12-06 03:37:25
8 threads
129 trees
11 iterations
8.294702 1.000000
123 1 2 2 1 
Time : 0.242242 seconds

=====================
2015-12-06 03:37:26
8 threads
129 trees
11 iterations
8.294702 1.000000
123 1 2 2 1 
Time : 0.265425 seconds

=====================
2015-12-06 03:37:26
8 threads
129 trees
11 iterations
14.088451 1.000000
3 2 19 2 6 4 1 3 1 2 2 2 3 2 1 5 3 4 2 1 7 7 1 3 1 1 3 1 2 2 1 1 4 3 1 2 1 4 1 2 2 1 1 1 2 1 2 1 1 1 
Time : 0.405199 seconds

=====================
2015-12-06 03:37:26
16 threads
129 trees
11 iterations
14.088451 1.000000
3 2 19 2 6 4 1 3 1 2 2 2 3 2 1 5 3 4 2 1 7 7 1 3 1 1 3 1 2 2 1 1 4 3 1 2 1 4 1 2 2 1 1 1 2 1 2 1 1 1 
Time : 0.252351 seconds

=====================
2015-12-06 03:37:27
16 threads
129 trees
11 iterations
8.965103 1.000000
105 10 6 3 3 2 
Time : 0.167582 seconds

=====================
2015-12-06 03:37:27
16 threads
129 trees
11 iterations
8.965103 1.000000
105 10 6 3 3 2 
Time : 0.177983 seconds

=====================
2015-12-06 03:37:27
16 threads
129 trees
11 iterations
8.965103 1.000000
105 10 6 3 3 2 
Time : 0.156288 seconds

=====================
2015-12-06 03:37:27
16 threads
129 trees
11 iterations
8.965103 1.000000
105 10 6 3 3 2 
Time : 0.169123 seconds

=====================
2015-12-06 03:37:28
16 threads
129 trees
11 iterations
8.965103 1.000000
105 10 6 3 3 2 
Time : 0.172432 seconds

=====================
2015-12-06 03:37:28
16 threads
129 trees
11 iterations
7.658987 1.000000
128 1 
Time : 0.173030 seconds

=====================
2015-12-06 03:37:28
16 threads
129 trees
11 iterations
7.658987 1.000000
128 1 
Time : 0.157935 seconds

=====================
2015-12-06 03:37:28
16 threads
129 trees
11 iterations
7.658987 1.000000
128 1 
Time : 0.149313 seconds

=====================
2015-12-06 03:37:28
16 threads
129 trees
11 iterations
7.658987 1.000000
128 1 
Time : 0.165425 seconds

=====================
2015-12-06 03:37:29
16 threads
129 trees
11 iterations
7.658987 1.000000
128 1 
Time : 0.166153 seconds

=====================
2015-12-06 03:37:29
16 threads
129 trees
11 iterations
14.204328 1.000000
11 5 7 1 5 3 6 2 2 2 7 13 1 1 3 5 1 2 4 2 2 1 1 1 6 1 2 5 2 2 3 1 3 1 1 1 3 1 1 2 1 1 1 2 1 
Time : 0.214052 seconds

=====================
2015-12-06 03:37:29
16 threads
129 trees
11 iterations
14.204328 1.000000
11 5 7 1 5 3 6 2 2 2 7 13 1 1 3 5 1 2 4 2 2 1 1 1 6 1 2 5 2 2 3 1 3 1 1 1 3 1 1 2 1 1 1 2 1 
Time : 0.184534 seconds

=====================
2015-12-06 03:37:29
16 threads
129 trees
11 iterations
14.204328 1.000000
11 5 7 1 5 3 6 2 2 2 7 13 1 1 3 5 1 2 4 2 2 1 1 1 6 1 2 5 2 2 3 1 3 1 1 1 3 1 1 2 1 1 1 2 1 
Time : 0.199129 seconds

=====================
2015-12-06 03:37:30
16 threads
129 trees
11 iterations
14.204328 1.000000
11 5 7 1 5 3 6 2 2 2 7 13 1 1 3 5 1 2 4 2 2 1 1 1 6 1 2 5 2 2 3 1 3 1 1 1 3 1 1 2 1 1 1 2 1 
Time : 0.205858 seconds

=====================
2015-12-06 03:37:30
32 threads
129 trees
11 iterations
10.633497 1.000000
74 4 26 5 5 2 3 5 1 2 1 1 
Time : 0.104775 seconds

=====================
2015-12-06 03:37:30
32 threads
129 trees
11 iterations
10.633497 1.000000
74 4 26 5 5 2 3 5 1 2 1 1 
Time : 0.107485 seconds

=====================
2015-12-06 03:37:30
32 threads
129 trees
11 iterations
10.633497 1.000000
74 4 26 5 5 2 3 5 1 2 1 1 
Time : 0.115984 seconds

=====================
2015-12-06 03:37:30
32 threads
129 trees
11 iterations
10.633497 1.000000
74 4 26 5 5 2 3 5 1 2 1 1 
Time : 0.116663 seconds

=====================
2015-12-06 03:37:30
32 threads
129 trees
11 iterations
10.633497 1.000000
74 4 26 5 5 2 3 5 1 2 1 1 
Time : 0.121579 seconds

=====================
2015-12-06 03:37:30
32 threads
129 trees
11 iterations
10.633497 1.000000
74 4 26 5 5 2 3 5 1 2 1 1 
Time : 0.109884 seconds

=====================
2015-12-06 03:37:31
32 threads
129 trees
11 iterations
10.633497 1.000000
74 4 26 5 5 2 3 5 1 2 1 1 
Time : 0.120732 seconds

=====================
2015-12-06 03:37:31
32 threads
129 trees
11 iterations
10.261610 1.000000
70 1 5 7 18 6 1 2 6 2 4 6 1 
Time : 0.085363 seconds

=====================
2015-12-06 03:37:31
32 threads
129 trees
11 iterations
10.261610 1.000000
70 1 5 7 18 6 1 2 6 2 4 6 1 
Time : 0.095240 seconds

=====================
2015-12-06 03:37:31
32 threads
129 trees
11 iterations
10.261610 1.000000
70 1 5 7 18 6 1 2 6 2 4 6 1 
Time : 0.112180 seconds

=====================
2015-12-06 03:37:31
32 threads
129 trees
11 iterations
10.261610 1.000000
70 1 5 7 18 6 1 2 6 2 4 6 1 
Time : 0.103311 seconds

=====================
2015-12-06 03:37:31
32 threads
129 trees
11 iterations
10.261610 1.000000
70 1 5 7 18 6 1 2 6 2 4 6 1 
Time : 0.103768 seconds

=====================
2015-12-06 03:37:31
32 threads
129 trees
11 iterations
10.261610 1.000000
70 1 5 7 18 6 1 2 6 2 4 6 1 
Time : 0.106018 seconds

=====================
2015-12-06 03:37:32
32 threads
129 trees
11 iterations
10.261610 1.000000
70 1 5 7 18 6 1 2 6 2 4 6 1 
Time : 0.095667 seconds

=====================
2015-12-06 03:37:32
32 threads
129 trees
11 iterations
6.184981 1.000000
129 
Time : 0.128397 seconds

=====================
