2015-12-06 04:44:58
1 threads
225 trees
12 iterations
5.946129 1.000000
225 
Time : 3.039658 seconds

=====================
2015-12-06 04:45:01
1 threads
225 trees
12 iterations
10.930907 1.000000
189 27 1 4 4 
Time : 3.260649 seconds

=====================
2015-12-06 04:45:06
1 threads
225 trees
12 iterations
18.471618 1.000000
9 8 1 8 2 2 2 8 11 14 3 2 7 1 5 1 5 1 12 3 1 2 10 5 3 3 1 2 1 2 1 9 5 5 2 3 1 4 1 1 2 7 4 2 5 2 3 1 2 4 2 1 1 1 1 1 1 3 1 1 1 1 1 1 1 1 1 1 1 1 1 1 1 
Time : 4.626779 seconds

=====================
2015-12-06 04:45:11
1 threads
225 trees
12 iterations
18.399171 1.000000
17 20 10 24 1 1 10 4 5 4 4 2 8 1 1 2 2 4 1 3 5 6 1 2 2 1 1 6 8 3 3 2 2 5 1 2 2 1 2 4 1 1 1 1 6 2 1 3 1 2 2 2 3 2 1 2 1 1 1 1 2 1 2 1 1 
Time : 4.471632 seconds

=====================
2015-12-06 04:45:14
1 threads
225 trees
12 iterations
8.350108 1.000000
224 1 
Time : 2.861038 seconds

=====================
2015-12-06 04:45:19
1 threads
225 trees
12 iterations
19.772070 1.000000
6 2 7 7 2 7 12 2 2 4 1 2 1 3 3 7 2 2 6 7 12 2 5 2 2 4 7 5 1 10 6 1 2 3 1 2 2 5 3 7 1 5 2 1 1 1 1 4 2 1 4 1 1 1 2 3 1 1 1 3 1 1 1 1 1 1 1 1 1 1 1 1 1 1 1 2 1 2 1 
Time : 4.596881 seconds

=====================
2015-12-06 04:45:22
1 threads
225 trees
12 iterations
8.222895 1.000000
225 
Time : 3.025463 seconds

=====================
2015-12-06 04:45:26
1 threads
225 trees
12 iterations
9.960262 1.000000
218 7 
Time : 3.777679 seconds

=====================
2015-12-06 04:45:30
1 threads
225 trees
12 iterations
16.836367 1.000000
3 15 4 11 20 10 41 7 1 5 1 5 2 1 4 2 4 1 1 5 2 7 8 2 2 1 1 4 3 1 4 1 1 1 1 6 4 1 1 1 1 3 2 1 1 3 1 1 1 2 1 1 1 1 1 1 1 1 1 1 2 1 1 
Time : 4.801845 seconds

=====================
2015-12-06 04:45:36
1 threads
225 trees
12 iterations
21.076367 1.000000
4 4 1 1 5 1 8 4 2 1 1 3 2 6 4 14 4 10 3 3 6 1 3 5 4 7 1 5 2 1 6 1 6 3 1 1 2 3 2 3 1 3 1 5 1 1 1 1 1 1 1 2 1 1 3 1 3 1 1 1 1 1 5 1 1 1 1 1 3 1 1 1 1 2 4 4 1 1 2 1 3 1 1 1 1 1 1 1 1 1 1 1 1 1 
Time : 5.361118 seconds

=====================
2015-12-06 04:45:39
2 threads
225 trees
12 iterations
8.686997 1.000000
224 1 
Time : 2.798487 seconds

=====================
2015-12-06 04:45:41
2 threads
225 trees
12 iterations
5.105039 1.000000
225 
Time : 2.260714 seconds

=====================
2015-12-06 04:45:45
2 threads
225 trees
12 iterations
14.243901 1.000000
3 3 32 33 2 52 1 2 4 4 7 6 10 3 4 2 9 23 3 2 1 3 5 2 1 1 1 3 1 1 1 
Time : 3.066030 seconds

=====================
2015-12-06 04:45:47
2 threads
225 trees
12 iterations
4.608177 1.000000
225 
Time : 1.826010 seconds

=====================
2015-12-06 04:45:49
2 threads
225 trees
12 iterations
5.053648 1.000000
225 
Time : 2.420725 seconds

=====================
2015-12-06 04:45:52
2 threads
225 trees
12 iterations
12.790116 1.000000
22 75 69 31 4 13 1 4 2 2 1 1 
Time : 2.840018 seconds

=====================
2015-12-06 04:45:55
2 threads
225 trees
12 iterations
18.609800 1.000000
5 2 13 19 4 4 11 6 10 6 2 4 1 4 1 3 2 1 2 3 1 7 1 10 2 6 1 1 3 2 4 1 4 1 2 5 1 3 4 1 3 3 3 1 2 2 2 2 2 7 1 2 2 1 2 5 1 4 1 1 1 1 1 1 1 1 1 2 1 1 1 1 1 1 
Time : 3.062046 seconds

=====================
2015-12-06 04:45:57
2 threads
225 trees
12 iterations
11.084223 1.000000
57 139 10 8 8 1 1 1 
Time : 2.120879 seconds

=====================
2015-12-06 04:46:00
2 threads
225 trees
12 iterations
12.456692 1.000000
23 68 14 32 8 9 51 4 6 3 4 1 1 1 
Time : 2.418407 seconds

=====================
2015-12-06 04:46:02
2 threads
225 trees
12 iterations
10.566484 1.000000
224 1 
Time : 2.255662 seconds

=====================
2015-12-06 04:46:04
4 threads
225 trees
12 iterations
19.883898 1.000000
16 8 4 3 2 5 9 1 2 1 3 9 4 10 9 2 9 1 13 1 3 2 1 4 2 4 2 1 3 1 2 4 1 1 4 1 6 1 1 1 4 1 2 1 2 1 1 3 3 1 1 5 1 3 2 2 1 1 2 1 1 1 1 1 1 2 1 1 1 1 1 1 1 1 1 1 1 1 1 1 1 1 1 1 1 1 1 1 1 
Time : 2.085623 seconds

=====================
2015-12-06 04:46:06
4 threads
225 trees
12 iterations
11.914708 1.000000
160 43 1 12 1 3 2 1 1 1 
Time : 1.587170 seconds

=====================
2015-12-06 04:46:09
4 threads
225 trees
12 iterations
20.165608 1.000000
1 4 2 1 8 18 4 11 15 1 10 4 1 3 2 1 3 3 5 2 1 6 5 2 1 1 2 1 2 2 1 2 4 2 2 2 1 2 1 1 5 1 1 4 1 2 4 5 1 1 3 1 3 2 3 3 1 2 1 2 1 1 1 2 1 1 1 1 1 1 5 1 1 3 1 2 1 2 1 1 1 1 1 1 1 1 1 2 1 
Time : 2.253284 seconds

=====================
2015-12-06 04:46:10
4 threads
225 trees
12 iterations
4.151209 1.000000
225 
Time : 1.302794 seconds

=====================
2015-12-06 04:46:12
4 threads
225 trees
12 iterations
12.507813 1.000000
1 160 11 24 1 2 5 1 1 2 3 7 3 1 1 2 
Time : 1.722841 seconds

=====================
2015-12-06 04:46:14
4 threads
225 trees
12 iterations
20.622094 1.000000
3 1 14 3 4 2 9 2 7 7 5 1 9 10 3 3 4 1 2 1 7 3 1 5 6 9 1 2 1 1 1 1 4 4 5 1 6 4 2 3 1 1 1 2 1 2 1 2 3 1 2 1 3 1 2 1 1 2 1 4 1 1 1 1 1 1 2 2 1 1 1 1 2 1 1 1 2 1 1 1 1 1 1 1 1 1 1 1 1 1 
Time : 2.199459 seconds

=====================
2015-12-06 04:46:16
4 threads
225 trees
12 iterations
9.942127 1.000000
225 
Time : 1.523145 seconds

=====================
2015-12-06 04:46:18
4 threads
225 trees
12 iterations
18.106458 1.000000
12 4 3 1 6 6 17 5 1 2 3 3 8 15 1 3 1 1 5 3 1 14 1 7 2 4 2 2 1 3 2 1 2 5 4 1 8 1 3 3 1 4 1 3 1 1 1 2 3 1 1 5 2 3 2 2 3 2 1 1 1 4 2 1 1 1 1 2 1 1 1 1 1 
Time : 2.283612 seconds

=====================
2015-12-06 04:46:20
4 threads
225 trees
12 iterations
10.415809 1.000000
221 2 2 
Time : 1.310475 seconds

=====================
2015-12-06 04:46:21
4 threads
225 trees
12 iterations
4.422405 1.000000
225 
Time : 1.197646 seconds

=====================
2015-12-06 04:46:22
8 threads
225 trees
12 iterations
8.985431 1.000000
222 2 1 
Time : 1.018753 seconds

=====================
2015-12-06 04:46:23
8 threads
225 trees
12 iterations
13.749267 1.000000
13 16 3 18 8 70 4 16 10 1 18 15 1 3 1 7 3 1 1 2 3 2 2 1 3 1 1 1 
Time : 0.977205 seconds

=====================
2015-12-06 04:46:25
8 threads
225 trees
12 iterations
19.114421 1.000000
10 8 13 2 8 1 13 3 13 4 2 8 3 2 1 14 7 1 3 3 2 1 1 4 1 2 4 1 2 4 4 1 3 2 1 1 1 2 2 1 4 2 1 3 1 2 4 3 4 1 3 3 2 2 2 1 2 1 1 1 1 2 1 1 1 1 1 4 2 1 2 1 1 1 1 1 1 
Time : 1.334331 seconds

=====================
2015-12-06 04:46:26
8 threads
225 trees
12 iterations
14.569393 1.000000
7 3 8 7 4 88 4 10 2 3 19 2 21 2 4 4 4 2 2 1 3 7 2 2 2 1 1 1 1 2 1 2 2 1 
Time : 1.114682 seconds

=====================
2015-12-06 04:46:27
8 threads
225 trees
12 iterations
13.359607 1.000000
94 4 39 29 18 1 7 4 3 8 2 1 3 1 1 2 1 1 1 1 2 1 1 
Time : 0.965561 seconds

=====================
2015-12-06 04:46:28
8 threads
225 trees
12 iterations
4.586296 1.000000
225 
Time : 0.735464 seconds

=====================
2015-12-06 04:46:29
8 threads
225 trees
12 iterations
7.440743 1.000000
225 
Time : 0.727949 seconds

=====================
2015-12-06 04:46:30
8 threads
225 trees
12 iterations
18.932195 1.000000
7 17 5 8 6 7 10 18 5 2 1 1 8 7 2 5 1 1 1 8 6 1 4 2 2 2 2 4 4 6 1 2 6 2 2 2 1 2 5 1 7 8 1 1 4 4 1 1 1 1 2 1 1 5 1 2 1 1 1 1 1 1 1 
Time : 1.060587 seconds

=====================
2015-12-06 04:46:31
8 threads
225 trees
12 iterations
10.953727 1.000000
213 9 2 1 
Time : 0.821049 seconds

=====================
2015-12-06 04:46:32
8 threads
225 trees
12 iterations
7.803458 1.000000
225 
Time : 0.637072 seconds

=====================
2015-12-06 04:46:33
16 threads
225 trees
12 iterations
18.760349 1.000000
14 23 2 4 13 1 8 1 17 14 4 1 4 3 11 3 2 1 3 6 1 9 3 1 1 1 3 2 1 3 4 2 3 3 2 3 1 3 4 1 1 3 2 1 1 1 1 2 1 1 1 1 1 1 1 2 1 1 1 1 1 1 2 1 1 1 1 1 1 1 1 1 1 
Time : 0.699971 seconds

=====================
2015-12-06 04:46:33
16 threads
225 trees
12 iterations
16.366138 1.000000
2 5 7 6 3 29 2 1 1 1 13 5 6 2 3 3 3 5 20 2 12 1 12 2 2 2 1 3 1 1 1 1 4 1 8 2 2 9 3 1 10 1 1 4 1 1 1 1 3 2 1 1 3 1 2 1 1 1 1 
Time : 0.623918 seconds

=====================
2015-12-06 04:46:34
16 threads
225 trees
12 iterations
16.366138 1.000000
2 5 7 6 3 29 2 1 1 1 13 5 6 2 3 3 3 5 20 2 12 1 12 2 2 2 1 3 1 1 1 1 4 1 8 2 2 9 3 1 10 1 1 4 1 1 1 1 3 2 1 1 3 1 2 1 1 1 1 
Time : 0.584680 seconds

=====================
2015-12-06 04:46:35
16 threads
225 trees
12 iterations
4.361779 1.000000
225 
Time : 0.428200 seconds

=====================
2015-12-06 04:46:35
16 threads
225 trees
12 iterations
8.038651 1.000000
225 
Time : 0.425444 seconds

=====================
2015-12-06 04:46:36
16 threads
225 trees
12 iterations
8.038651 1.000000
225 
Time : 0.476443 seconds

=====================
2015-12-06 04:46:36
16 threads
225 trees
12 iterations
5.890783 1.000000
225 
Time : 0.431791 seconds

=====================
2015-12-06 04:46:37
16 threads
225 trees
12 iterations
5.890783 1.000000
225 
Time : 0.430048 seconds

=====================
2015-12-06 04:46:37
16 threads
225 trees
12 iterations
16.398180 1.000000
13 8 6 15 16 2 6 4 4 18 9 6 9 6 10 5 2 7 1 1 8 7 3 3 12 4 3 5 2 2 3 1 2 3 2 2 1 2 1 1 1 1 1 1 1 1 2 1 1 
Time : 0.612386 seconds

=====================
2015-12-06 04:46:38
16 threads
225 trees
12 iterations
17.674762 1.000000
7 2 13 2 10 4 2 1 18 10 2 8 4 7 6 16 1 2 7 1 2 5 3 2 3 9 6 3 1 1 1 2 2 3 5 5 2 2 1 6 1 1 1 4 2 2 2 3 1 1 2 1 3 1 2 3 1 1 1 1 1 1 1 1 
Time : 0.651102 seconds

=====================
2015-12-06 04:46:39
32 threads
225 trees
12 iterations
17.674762 1.000000
7 2 13 2 10 4 2 1 18 10 2 8 4 7 6 16 1 2 7 1 2 5 3 2 3 9 6 3 1 1 1 2 2 3 5 5 2 2 1 6 1 1 1 4 2 2 2 3 1 1 2 1 3 1 2 3 1 1 1 1 1 1 1 1 
Time : 0.413816 seconds

=====================
2015-12-06 04:46:39
32 threads
225 trees
12 iterations
12.511449 1.000000
156 1 8 2 29 10 1 2 3 2 2 4 1 1 1 1 1 
Time : 0.301451 seconds

=====================
2015-12-06 04:46:40
32 threads
225 trees
12 iterations
12.511449 1.000000
156 1 8 2 29 10 1 2 3 2 2 4 1 1 1 1 1 
Time : 0.317573 seconds

=====================
2015-12-06 04:46:40
32 threads
225 trees
12 iterations
7.908232 1.000000
224 1 
Time : 0.220813 seconds

=====================
2015-12-06 04:46:40
32 threads
225 trees
12 iterations
7.908232 1.000000
224 1 
Time : 0.224648 seconds

=====================
2015-12-06 04:46:40
32 threads
225 trees
12 iterations
7.908232 1.000000
224 1 
Time : 0.230552 seconds

=====================
2015-12-06 04:46:41
32 threads
225 trees
12 iterations
13.039280 1.000000
89 5 37 6 15 19 4 2 23 6 1 5 4 1 2 1 3 1 1 
Time : 0.325580 seconds

=====================
2015-12-06 04:46:41
32 threads
225 trees
12 iterations
13.039280 1.000000
89 5 37 6 15 19 4 2 23 6 1 5 4 1 2 1 3 1 1 
Time : 0.345448 seconds

=====================
2015-12-06 04:46:42
32 threads
225 trees
12 iterations
13.039280 1.000000
89 5 37 6 15 19 4 2 23 6 1 5 4 1 2 1 3 1 1 
Time : 0.326265 seconds

=====================
2015-12-06 04:46:42
32 threads
225 trees
12 iterations
7.647817 1.000000
225 
Time : 0.274886 seconds

=====================
