2015-12-06 04:46:45
1 threads
225 trees
12 iterations
7.647817 1.000000
225 
Time : 2.987211 seconds

=====================
2015-12-06 04:46:49
1 threads
225 trees
12 iterations
14.757802 1.000000
10 7 8 2 13 30 15 1 5 20 28 5 9 1 19 7 5 3 5 2 1 7 1 1 1 2 2 1 2 2 3 4 1 1 1 
Time : 3.887821 seconds

=====================
2015-12-06 04:46:53
1 threads
225 trees
12 iterations
11.503265 1.000000
172 24 12 6 1 3 2 1 1 1 1 1 
Time : 3.268519 seconds

=====================
2015-12-06 04:46:56
1 threads
225 trees
12 iterations
13.162115 1.000000
25 3 62 28 2 45 34 3 2 1 3 7 2 4 1 1 2 
Time : 3.544906 seconds

=====================
2015-12-06 04:47:00
1 threads
225 trees
12 iterations
11.505674 1.000000
194 3 12 9 4 1 1 1 
Time : 3.056685 seconds

=====================
2015-12-06 04:47:03
1 threads
225 trees
12 iterations
10.421482 1.000000
225 
Time : 3.315320 seconds

=====================
2015-12-06 04:47:06
1 threads
225 trees
12 iterations
11.458416 1.000000
190 26 2 2 4 1 
Time : 3.224069 seconds

=====================
2015-12-06 04:47:11
1 threads
225 trees
12 iterations
18.996474 1.000000
3 2 1 2 7 7 5 3 2 4 14 12 1 4 2 6 3 1 11 1 1 5 3 2 1 3 4 6 3 5 2 6 3 1 1 1 9 3 2 2 1 2 1 1 1 1 4 1 1 1 1 1 1 2 2 2 1 2 1 4 1 6 2 1 1 1 3 2 3 1 1 2 2 2 1 1 1 1 1 2 1 1 1 1 1 
Time : 4.590566 seconds

=====================
2015-12-06 04:47:16
1 threads
225 trees
12 iterations
19.291146 1.000000
4 2 3 3 9 1 6 9 1 6 5 6 1 1 1 8 1 5 2 1 1 3 1 2 2 2 6 4 1 5 3 2 5 3 1 1 3 3 1 2 1 2 2 2 4 2 1 1 1 3 6 1 1 1 1 5 7 1 1 2 1 4 4 3 1 2 1 1 3 3 1 1 1 1 1 1 1 2 2 1 2 1 1 1 2 1 1 1 1 1 1 1 2 1 1 1 
Time : 5.113603 seconds

=====================
2015-12-06 04:47:20
1 threads
225 trees
12 iterations
15.454877 1.000000
12 12 12 4 10 17 25 7 1 1 2 8 12 3 20 2 8 2 6 8 1 1 2 2 11 2 2 1 5 2 1 2 1 1 2 1 6 3 2 1 1 1 1 1 
Time : 3.645183 seconds

=====================
2015-12-06 04:47:24
2 threads
225 trees
12 iterations
14.792197 1.000000
3 17 2 14 21 20 1 12 63 5 1 4 2 24 3 1 2 4 1 3 2 3 2 3 1 1 1 1 1 1 1 1 1 2 1 
Time : 3.146251 seconds

=====================
2015-12-06 04:47:27
2 threads
225 trees
12 iterations
18.413590 1.000000
11 8 2 13 16 1 7 6 1 2 11 1 3 1 5 12 2 1 4 5 3 4 1 2 1 7 1 3 2 1 3 3 4 2 2 5 6 2 1 1 2 9 1 1 3 1 1 5 1 1 2 1 1 1 1 1 1 2 2 1 1 1 1 1 1 1 1 1 1 2 1 1 2 1 1 1 1 1 1 
Time : 3.749610 seconds

=====================
2015-12-06 04:47:32
2 threads
225 trees
12 iterations
20.064165 1.000000
2 1 4 11 2 3 6 1 5 2 6 2 4 6 2 6 4 1 1 17 5 1 1 4 1 3 3 1 3 5 3 1 14 3 1 5 2 3 1 7 2 3 1 1 1 1 4 1 1 1 1 1 1 1 1 1 1 1 3 2 1 1 1 1 2 2 2 1 1 2 1 1 3 1 2 1 1 1 1 1 2 1 1 1 1 1 1 1 1 1 2 1 1 1 
Time : 4.026814 seconds

=====================
2015-12-06 04:47:34
2 threads
225 trees
12 iterations
9.002602 1.000000
14 204 3 4 
Time : 2.187009 seconds

=====================
2015-12-06 04:47:36
2 threads
225 trees
12 iterations
8.657497 1.000000
225 
Time : 2.437850 seconds

=====================
2015-12-06 04:47:40
2 threads
225 trees
12 iterations
13.960207 1.000000
49 16 18 32 5 8 6 3 25 20 3 1 11 1 3 3 7 2 2 4 2 2 1 1 
Time : 3.053822 seconds

=====================
2015-12-06 04:47:42
2 threads
225 trees
12 iterations
5.489980 1.000000
225 
Time : 2.079028 seconds

=====================
2015-12-06 04:47:46
2 threads
225 trees
12 iterations
20.484939 1.000000
7 5 1 3 5 2 5 5 6 6 6 1 3 2 8 2 7 10 2 1 6 4 3 1 3 3 2 3 3 6 1 3 1 1 1 1 2 2 1 2 3 3 1 3 1 1 2 1 2 1 1 3 1 1 2 1 7 2 2 1 1 1 1 2 1 1 1 5 3 1 1 1 1 1 1 1 1 1 1 1 2 1 2 1 2 1 1 1 1 1 1 1 1 1 1 1 1 1 1 1 
Time : 4.105071 seconds

=====================
2015-12-06 04:47:49
2 threads
225 trees
12 iterations
7.790095 1.000000
225 
Time : 2.453664 seconds

=====================
2015-12-06 04:47:51
2 threads
225 trees
12 iterations
3.955141 1.000000
225 
Time : 2.061208 seconds

=====================
2015-12-06 04:47:53
4 threads
225 trees
12 iterations
18.920981 1.000000
1 1 3 5 9 19 5 2 21 5 1 4 4 5 3 7 6 2 2 2 1 1 6 2 2 8 7 3 2 1 1 3 4 3 1 16 1 4 1 2 1 1 1 1 1 3 1 2 1 2 1 3 1 4 2 1 1 2 1 2 1 1 2 1 2 1 1 2 1 1 1 1 1 1 
Time : 2.248422 seconds

=====================
2015-12-06 04:47:55
4 threads
225 trees
12 iterations
12.863201 1.000000
155 17 20 3 7 4 2 5 4 3 2 1 2 
Time : 1.145365 seconds

=====================
2015-12-06 04:47:56
4 threads
225 trees
12 iterations
15.422495 1.000000
38 1 7 1 19 6 6 64 3 4 1 4 8 9 2 5 17 5 2 2 1 1 1 1 2 1 2 1 3 2 2 1 1 1 1 
Time : 1.825905 seconds

=====================
2015-12-06 04:47:58
4 threads
225 trees
12 iterations
3.889400 1.000000
225 
Time : 1.561125 seconds

=====================
2015-12-06 04:48:01
4 threads
225 trees
12 iterations
21.075555 1.000000
3 3 3 7 9 1 5 1 6 1 8 4 3 1 5 3 9 9 3 1 1 1 1 2 2 3 4 5 1 1 3 3 2 1 3 1 1 1 1 3 1 2 2 1 1 2 9 2 2 1 1 1 4 2 3 3 1 1 4 1 3 1 1 3 1 1 1 3 3 2 1 1 1 1 1 1 1 2 3 1 1 1 1 1 1 2 2 1 1 1 1 1 1 1 1 1 1 1 1 1 1 1 
Time : 2.391477 seconds

=====================
2015-12-06 04:48:02
4 threads
225 trees
12 iterations
11.279989 1.000000
173 5 22 24 1 
Time : 1.450422 seconds

=====================
2015-12-06 04:48:05
4 threads
225 trees
12 iterations
19.395055 1.000000
8 18 3 4 4 2 8 3 1 3 2 5 5 3 3 4 12 6 1 5 3 2 1 8 5 1 7 1 2 1 1 3 1 1 2 2 2 1 1 12 4 3 1 1 3 1 2 2 1 1 2 3 5 3 2 1 2 1 1 1 1 2 1 4 2 1 1 1 2 2 1 1 1 2 1 1 1 1 1 1 
Time : 2.180541 seconds

=====================
2015-12-06 04:48:07
4 threads
225 trees
12 iterations
19.276572 1.000000
1 5 1 8 7 4 11 5 1 6 1 12 1 4 8 8 2 4 1 5 13 3 7 1 1 1 2 9 7 1 2 1 2 1 2 1 9 2 1 3 3 2 1 4 2 3 1 1 1 2 1 1 4 3 4 3 2 1 1 1 3 1 1 1 1 1 1 1 1 1 1 1 1 1 1 1 1 1 
Time : 2.025386 seconds

=====================
2015-12-06 04:48:09
4 threads
225 trees
12 iterations
19.015053 1.000000
2 2 6 2 3 3 3 15 1 5 8 8 15 4 2 7 6 1 7 14 3 1 2 5 6 1 1 4 5 1 2 4 12 2 1 1 4 2 4 1 3 1 1 4 2 1 2 1 2 1 2 1 3 1 1 2 1 1 1 1 1 1 1 2 2 3 1 1 1 1 1 1 1 
Time : 1.879174 seconds

=====================
2015-12-06 04:48:10
4 threads
225 trees
12 iterations
5.831015 1.000000
225 
Time : 1.151605 seconds

=====================
2015-12-06 04:48:11
8 threads
225 trees
12 iterations
6.347933 1.000000
225 
Time : 0.762066 seconds

=====================
2015-12-06 04:48:12
8 threads
225 trees
12 iterations
16.944184 1.000000
24 24 13 18 3 3 23 5 8 3 9 1 1 1 6 5 2 6 1 3 9 1 1 4 4 2 2 1 2 1 1 1 1 5 3 8 1 2 1 2 1 1 2 1 2 2 1 1 1 1 1 
Time : 0.905910 seconds

=====================
2015-12-06 04:48:13
8 threads
225 trees
12 iterations
11.487518 1.000000
218 3 1 1 2 
Time : 0.731972 seconds

=====================
2015-12-06 04:48:14
8 threads
225 trees
12 iterations
10.811879 1.000000
223 1 1 
Time : 0.815697 seconds

=====================
2015-12-06 04:48:14
8 threads
225 trees
12 iterations
8.136305 1.000000
225 
Time : 0.649214 seconds

=====================
2015-12-06 04:48:15
8 threads
225 trees
12 iterations
8.136305 1.000000
225 
Time : 0.700123 seconds

=====================
2015-12-06 04:48:16
8 threads
225 trees
12 iterations
6.680212 1.000000
225 
Time : 0.660790 seconds

=====================
2015-12-06 04:48:16
8 threads
225 trees
12 iterations
7.766759 1.000000
225 
Time : 0.614998 seconds

=====================
2015-12-06 04:48:18
8 threads
225 trees
12 iterations
14.658996 1.000000
57 27 20 3 9 10 6 4 6 10 5 9 5 1 10 4 2 2 3 8 4 1 1 2 2 1 4 2 1 1 2 1 1 1 
Time : 0.940784 seconds

=====================
2015-12-06 04:48:19
8 threads
225 trees
12 iterations
18.929775 1.000000
8 1 8 1 5 7 5 5 7 15 9 3 2 6 9 1 6 3 2 4 5 25 2 3 1 3 3 2 4 3 1 2 3 3 3 9 1 2 1 2 2 2 1 1 1 2 2 1 3 1 1 1 1 1 1 2 2 1 1 2 1 1 2 2 1 1 1 1 1 
Time : 0.943232 seconds

=====================
2015-12-06 04:48:19
16 threads
225 trees
12 iterations
14.755011 1.000000
1 41 9 31 1 2 26 14 13 13 7 2 1 2 6 2 1 1 3 2 2 5 4 7 11 4 5 1 1 1 1 1 1 2 1 
Time : 0.517368 seconds

=====================
2015-12-06 04:48:20
16 threads
225 trees
12 iterations
14.755011 1.000000
1 41 9 31 1 2 26 14 13 13 7 2 1 2 6 2 1 1 3 2 2 5 4 7 11 4 5 1 1 1 1 1 1 2 1 
Time : 0.496916 seconds

=====================
2015-12-06 04:48:20
16 threads
225 trees
12 iterations
16.092322 1.000000
2 18 3 3 40 8 16 3 1 3 6 19 4 1 4 1 4 4 10 10 9 2 1 1 3 15 2 3 1 1 1 2 1 2 1 1 1 1 1 2 2 3 1 1 2 1 1 1 1 1 
Time : 0.569549 seconds

=====================
2015-12-06 04:48:21
16 threads
225 trees
12 iterations
18.349013 1.000000
3 7 1 8 9 16 6 4 3 5 6 8 5 1 3 5 10 2 2 6 8 15 1 1 7 12 3 2 2 1 1 2 1 2 2 2 3 3 2 4 7 1 1 1 3 1 3 1 1 1 1 1 1 2 1 1 1 1 1 1 1 1 2 1 1 2 1 1 
Time : 0.692311 seconds

=====================
2015-12-06 04:48:22
16 threads
225 trees
12 iterations
18.349013 1.000000
3 7 1 8 9 16 6 4 3 5 6 8 5 1 3 5 10 2 2 6 8 15 1 1 7 12 3 2 2 1 1 2 1 2 2 2 3 3 2 4 7 1 1 1 3 1 3 1 1 1 1 1 1 2 1 1 1 1 1 1 1 1 2 1 1 2 1 1 
Time : 0.694969 seconds

=====================
2015-12-06 04:48:23
16 threads
225 trees
12 iterations
12.570645 1.000000
171 6 16 13 2 3 2 2 1 2 1 1 1 2 1 1 
Time : 0.542011 seconds

=====================
2015-12-06 04:48:23
16 threads
225 trees
12 iterations
10.744378 1.000000
196 2 15 12 
Time : 0.397361 seconds

=====================
2015-12-06 04:48:24
16 threads
225 trees
12 iterations
10.744378 1.000000
196 2 15 12 
Time : 0.391935 seconds

=====================
2015-12-06 04:48:24
16 threads
225 trees
12 iterations
14.445640 1.000000
4 15 32 14 2 2 3 27 20 10 20 13 1 4 11 4 6 3 9 5 1 2 3 2 1 4 1 1 1 1 2 1 
Time : 0.506313 seconds

=====================
2015-12-06 04:48:25
16 threads
225 trees
12 iterations
14.445640 1.000000
4 15 32 14 2 2 3 27 20 10 20 13 1 4 11 4 6 3 9 5 1 2 3 2 1 4 1 1 1 1 2 1 
Time : 0.486569 seconds

=====================
2015-12-06 04:48:25
32 threads
225 trees
12 iterations
16.672371 1.000000
4 4 3 41 12 4 1 1 3 3 6 5 1 1 1 3 3 4 5 9 10 9 7 4 12 9 4 1 1 1 1 4 2 2 1 2 1 1 4 5 9 1 2 1 1 3 1 1 1 1 1 2 1 1 1 1 1 1 
Time : 0.414446 seconds

=====================
2015-12-06 04:48:26
32 threads
225 trees
12 iterations
5.268935 1.000000
225 
Time : 0.266481 seconds

=====================
2015-12-06 04:48:26
32 threads
225 trees
12 iterations
5.268935 1.000000
225 
Time : 0.233971 seconds

=====================
2015-12-06 04:48:26
32 threads
225 trees
12 iterations
5.268935 1.000000
225 
Time : 0.243820 seconds

=====================
2015-12-06 04:48:27
32 threads
225 trees
12 iterations
6.835568 1.000000
225 
Time : 0.240406 seconds

=====================
2015-12-06 04:48:27
32 threads
225 trees
12 iterations
6.835568 1.000000
225 
Time : 0.235409 seconds

=====================
2015-12-06 04:48:27
32 threads
225 trees
12 iterations
6.835568 1.000000
225 
Time : 0.244431 seconds

=====================
2015-12-06 04:48:28
32 threads
225 trees
12 iterations
6.835568 1.000000
225 
Time : 0.245179 seconds

=====================
2015-12-06 04:48:28
32 threads
225 trees
12 iterations
9.049998 1.000000
223 2 
Time : 0.282885 seconds

=====================
2015-12-06 04:48:28
32 threads
225 trees
12 iterations
9.049998 1.000000
223 2 
Time : 0.264944 seconds

=====================
