2015-12-06 04:48:32
1 threads
225 trees
12 iterations
9.049998 1.000000
223 2 
Time : 3.399520 seconds

=====================
2015-12-06 04:48:36
1 threads
225 trees
12 iterations
7.617397 1.000000
225 
Time : 3.634527 seconds

=====================
2015-12-06 04:48:40
1 threads
225 trees
12 iterations
18.225146 1.000000
1 11 6 3 6 3 2 3 9 13 8 9 1 9 2 21 2 6 4 4 3 3 3 2 3 2 1 2 9 5 4 3 8 2 5 1 4 3 2 1 1 2 2 1 2 2 1 2 2 1 1 1 1 2 1 1 1 1 1 1 1 1 1 1 1 2 1 1 
Time : 4.292196 seconds

=====================
2015-12-06 04:48:45
1 threads
225 trees
12 iterations
18.872054 1.000000
1 2 8 2 3 2 5 11 3 7 9 1 15 2 1 2 9 2 1 2 3 1 3 1 7 7 3 1 3 2 2 1 1 3 3 2 2 4 2 1 1 1 7 2 1 5 4 1 1 1 1 1 3 4 2 1 3 1 1 2 1 5 1 3 2 1 2 1 1 1 2 2 2 1 1 2 1 1 2 1 3 1 1 2 1 1 
Time : 5.236509 seconds

=====================
2015-12-06 04:48:49
1 threads
225 trees
12 iterations
6.416472 1.000000
225 
Time : 3.152431 seconds

=====================
2015-12-06 04:48:52
1 threads
225 trees
12 iterations
5.397815 1.000000
225 
Time : 2.630032 seconds

=====================
2015-12-06 04:48:56
1 threads
225 trees
12 iterations
17.645112 1.000000
10 24 7 18 2 2 6 2 4 15 1 3 2 7 2 4 11 1 5 2 2 3 2 10 3 2 1 9 1 2 6 1 1 3 3 4 1 1 1 6 2 1 2 2 2 1 2 6 2 1 1 2 1 1 1 2 1 1 1 1 1 1 
Time : 4.289539 seconds

=====================
2015-12-06 04:49:00
1 threads
225 trees
12 iterations
15.695799 1.000000
20 4 41 4 4 16 6 19 4 13 4 2 7 7 3 4 3 11 2 9 2 3 3 1 5 2 2 3 2 1 3 4 1 1 3 1 1 1 1 1 1 
Time : 3.799137 seconds

=====================
2015-12-06 04:49:03
1 threads
225 trees
12 iterations
8.279947 1.000000
225 
Time : 2.592686 seconds

=====================
2015-12-06 04:49:08
1 threads
225 trees
12 iterations
18.721207 1.000000
7 7 8 2 11 2 10 1 2 1 14 8 1 4 2 4 7 8 1 1 1 1 2 3 5 2 1 7 5 5 1 6 2 1 1 4 3 2 4 2 6 1 4 2 5 3 1 2 2 2 1 2 1 1 1 1 1 1 1 1 1 1 1 1 1 1 4 1 3 1 1 1 1 1 1 1 1 1 1 1 1 1 
Time : 4.918794 seconds

=====================
2015-12-06 04:49:10
2 threads
225 trees
12 iterations
10.273955 1.000000
224 1 
Time : 1.746699 seconds

=====================
2015-12-06 04:49:13
2 threads
225 trees
12 iterations
17.580839 1.000000
11 6 26 13 3 10 10 3 10 3 4 1 15 7 5 4 2 2 3 1 3 6 4 2 1 10 1 3 4 2 2 1 1 4 2 3 1 1 1 1 3 1 1 1 1 2 1 1 1 1 1 1 1 1 1 5 2 1 1 1 1 2 1 1 
Time : 3.646490 seconds

=====================
2015-12-06 04:49:16
2 threads
225 trees
12 iterations
15.949890 1.000000
10 7 17 2 4 2 13 9 16 12 4 15 5 3 3 9 3 4 2 5 21 1 14 1 1 4 2 1 1 4 1 2 3 4 4 1 1 1 1 2 1 2 1 2 2 1 1 
Time : 2.712575 seconds

=====================
2015-12-06 04:49:19
2 threads
225 trees
12 iterations
17.678966 1.000000
5 19 7 8 4 9 31 7 4 1 4 2 1 6 13 6 8 1 5 3 4 8 2 2 1 2 2 8 2 3 2 1 1 2 1 1 3 1 1 1 1 1 2 1 1 1 1 1 1 2 1 3 2 1 1 1 1 1 2 1 1 1 1 1 1 1 1 
Time : 3.114096 seconds

=====================
2015-12-06 04:49:22
2 threads
225 trees
12 iterations
9.224295 1.000000
222 3 
Time : 1.970755 seconds

=====================
2015-12-06 04:49:24
2 threads
225 trees
12 iterations
8.670975 1.000000
225 
Time : 2.073739 seconds

=====================
2015-12-06 04:49:26
2 threads
225 trees
12 iterations
16.126669 1.000000
2 5 1 3 1 48 6 2 16 2 11 3 5 12 20 9 2 7 6 1 9 13 3 1 1 3 1 1 2 3 3 2 1 4 1 1 1 2 1 1 1 1 1 1 3 1 1 
Time : 2.476106 seconds

=====================
2015-12-06 04:49:29
2 threads
225 trees
12 iterations
18.242265 1.000000
8 11 1 8 3 3 9 1 9 8 3 6 1 2 2 5 4 6 8 2 4 3 8 12 2 6 3 1 1 2 3 1 5 2 6 1 1 5 3 1 3 3 5 2 5 1 2 2 3 6 1 1 3 3 1 1 1 2 2 1 1 1 1 1 1 1 1 
Time : 2.782883 seconds

=====================
2015-12-06 04:49:33
2 threads
225 trees
12 iterations
17.848263 1.000000
17 1 17 19 6 20 12 3 5 11 3 7 1 3 2 1 4 2 2 3 4 2 3 1 1 2 1 1 1 1 1 3 4 1 3 7 2 3 1 5 2 1 6 1 1 1 3 1 1 2 1 1 1 1 2 2 1 1 1 1 3 1 1 1 1 1 
Time : 3.552962 seconds

=====================
2015-12-06 04:49:36
2 threads
225 trees
12 iterations
20.310179 1.000000
2 32 2 8 1 7 2 4 4 1 4 2 6 8 6 3 1 2 2 4 1 2 4 8 1 3 1 2 8 4 2 1 5 1 1 2 1 1 3 3 2 2 6 1 1 1 1 1 1 3 3 2 1 1 1 1 3 1 1 1 1 1 3 1 1 2 1 2 1 1 1 1 4 1 1 1 1 1 1 1 1 1 1 1 1 1 1 1 1 
Time : 3.519628 seconds

=====================
2015-12-06 04:49:38
4 threads
225 trees
12 iterations
4.666908 1.000000
225 
Time : 0.932594 seconds

=====================
2015-12-06 04:49:39
4 threads
225 trees
12 iterations
12.211102 1.000000
5 84 43 79 4 2 2 1 4 1 
Time : 1.211917 seconds

=====================
2015-12-06 04:49:40
4 threads
225 trees
12 iterations
12.374089 1.000000
135 4 10 3 20 24 1 5 8 8 1 2 1 3 
Time : 1.281806 seconds

=====================
2015-12-06 04:49:42
4 threads
225 trees
12 iterations
12.561556 1.000000
126 20 9 28 4 15 10 5 1 1 2 1 1 1 1 
Time : 1.401332 seconds

=====================
2015-12-06 04:49:43
4 threads
225 trees
12 iterations
10.761256 1.000000
149 51 5 18 1 1 
Time : 1.040781 seconds

=====================
2015-12-06 04:49:44
4 threads
225 trees
12 iterations
8.946957 1.000000
220 2 1 1 1 
Time : 1.028736 seconds

=====================
2015-12-06 04:49:46
4 threads
225 trees
12 iterations
19.273203 1.000000
9 8 7 4 4 2 5 8 5 1 9 4 1 5 5 1 3 6 1 3 1 4 1 6 5 9 2 7 3 4 2 2 3 1 1 5 1 3 6 4 2 4 1 4 2 4 1 1 1 2 1 1 1 1 2 3 3 2 2 3 1 2 1 1 1 2 1 1 1 1 1 1 1 1 1 2 1 1 1 1 
Time : 1.655228 seconds

=====================
2015-12-06 04:49:47
4 threads
225 trees
12 iterations
18.341765 1.000000
6 10 2 4 7 22 7 2 6 9 4 4 1 7 2 2 9 2 2 13 6 1 1 3 5 1 8 1 8 2 2 1 4 3 3 1 1 2 3 2 3 2 1 3 1 2 2 5 3 1 2 1 1 1 1 1 1 1 1 1 1 1 1 1 1 1 2 1 1 1 1 
Time : 1.631230 seconds

=====================
2015-12-06 04:49:49
4 threads
225 trees
12 iterations
4.044013 1.000000
225 
Time : 1.075467 seconds

=====================
2015-12-06 04:49:51
4 threads
225 trees
12 iterations
17.668425 1.000000
11 3 1 1 7 3 4 2 1 8 1 13 5 4 2 2 2 4 2 4 1 3 4 2 5 4 6 3 8 6 1 8 5 11 3 2 4 1 3 2 1 2 1 1 2 3 5 1 2 1 4 3 3 1 2 1 5 1 2 1 1 1 1 1 2 1 1 4 2 1 1 1 1 1 1 1 
Time : 1.737813 seconds

=====================
2015-12-06 04:49:51
8 threads
225 trees
12 iterations
16.378804 1.000000
1 9 1 11 3 10 6 42 1 1 2 4 10 6 7 2 7 2 7 2 2 15 4 5 8 1 3 3 3 2 4 3 1 4 3 1 2 4 5 1 1 1 1 2 3 1 1 1 1 1 1 1 1 1 
Time : 0.867933 seconds

=====================
2015-12-06 04:49:53
8 threads
225 trees
12 iterations
21.030597 1.000000
10 9 1 10 2 1 2 5 3 9 4 1 1 5 2 1 1 5 5 7 3 5 1 5 1 11 2 1 2 2 4 1 4 4 1 4 1 2 2 2 2 3 3 2 3 2 3 5 3 1 1 1 1 2 1 1 2 3 2 1 2 4 1 1 1 4 3 1 1 1 1 2 2 1 1 1 3 2 2 1 1 1 1 1 1 1 
Time : 0.946178 seconds

=====================
2015-12-06 04:49:53
8 threads
225 trees
12 iterations
6.165711 1.000000
225 
Time : 0.597738 seconds

=====================
2015-12-06 04:49:54
8 threads
225 trees
12 iterations
6.165711 1.000000
225 
Time : 0.564470 seconds

=====================
2015-12-06 04:49:55
8 threads
225 trees
12 iterations
14.533449 1.000000
17 34 15 12 36 6 10 34 1 6 8 13 1 3 5 3 1 1 1 4 2 5 3 1 2 1 
Time : 0.650917 seconds

=====================
2015-12-06 04:49:55
8 threads
225 trees
12 iterations
11.977043 1.000000
200 17 3 3 1 1 
Time : 0.623070 seconds

=====================
2015-12-06 04:49:56
8 threads
225 trees
12 iterations
11.977043 1.000000
200 17 3 3 1 1 
Time : 0.649775 seconds

=====================
2015-12-06 04:49:57
8 threads
225 trees
12 iterations
18.184515 1.000000
5 1 4 35 7 3 7 1 4 8 1 5 7 3 1 23 3 3 1 5 1 1 4 3 3 6 1 3 2 1 5 2 3 3 2 1 4 1 1 3 1 2 1 2 1 3 1 2 1 2 2 1 1 4 2 1 1 1 1 1 2 1 1 1 1 2 1 1 1 1 1 1 1 1 1 
Time : 0.946758 seconds

=====================
2015-12-06 04:49:58
8 threads
225 trees
12 iterations
4.661521 1.000000
225 
Time : 0.556142 seconds

=====================
2015-12-06 04:49:59
8 threads
225 trees
12 iterations
4.057368 1.000000
225 
Time : 0.671786 seconds

=====================
2015-12-06 04:49:59
16 threads
225 trees
12 iterations
9.233971 1.000000
225 
Time : 0.315657 seconds

=====================
2015-12-06 04:49:59
16 threads
225 trees
12 iterations
9.233971 1.000000
225 
Time : 0.319194 seconds

=====================
2015-12-06 04:50:00
16 threads
225 trees
12 iterations
9.233971 1.000000
225 
Time : 0.310316 seconds

=====================
2015-12-06 04:50:00
16 threads
225 trees
12 iterations
11.051462 1.000000
191 33 1 
Time : 0.360771 seconds

=====================
2015-12-06 04:50:01
16 threads
225 trees
12 iterations
11.051462 1.000000
191 33 1 
Time : 0.347133 seconds

=====================
2015-12-06 04:50:01
16 threads
225 trees
12 iterations
17.077692 1.000000
10 13 25 2 5 13 27 7 8 2 3 4 1 8 6 8 11 2 3 1 4 1 5 1 1 5 4 1 1 4 2 1 3 2 1 1 1 1 1 1 1 3 1 3 1 1 1 3 1 1 1 2 1 1 1 1 1 1 
Time : 0.484820 seconds

=====================
2015-12-06 04:50:02
16 threads
225 trees
12 iterations
17.077692 1.000000
10 13 25 2 5 13 27 7 8 2 3 4 1 8 6 8 11 2 3 1 4 1 5 1 1 5 4 1 1 4 2 1 3 2 1 1 1 1 1 1 1 3 1 3 1 1 1 3 1 1 1 2 1 1 1 1 1 1 
Time : 0.479939 seconds

=====================
2015-12-06 04:50:02
16 threads
225 trees
12 iterations
4.792223 1.000000
225 
Time : 0.324035 seconds

=====================
2015-12-06 04:50:03
16 threads
225 trees
12 iterations
4.792223 1.000000
225 
Time : 0.314587 seconds

=====================
2015-12-06 04:50:03
16 threads
225 trees
12 iterations
6.336305 1.000000
225 
Time : 0.294237 seconds

=====================
2015-12-06 04:50:03
32 threads
225 trees
12 iterations
6.336305 1.000000
225 
Time : 0.206173 seconds

=====================
2015-12-06 04:50:03
32 threads
225 trees
12 iterations
6.336305 1.000000
225 
Time : 0.203872 seconds

=====================
2015-12-06 04:50:04
32 threads
225 trees
12 iterations
10.986527 1.000000
190 12 10 5 1 5 1 1 
Time : 0.210494 seconds

=====================
2015-12-06 04:50:04
32 threads
225 trees
12 iterations
10.986527 1.000000
190 12 10 5 1 5 1 1 
Time : 0.195239 seconds

=====================
2015-12-06 04:50:04
32 threads
225 trees
12 iterations
10.986527 1.000000
190 12 10 5 1 5 1 1 
Time : 0.200597 seconds

=====================
2015-12-06 04:50:05
32 threads
225 trees
12 iterations
10.986527 1.000000
190 12 10 5 1 5 1 1 
Time : 0.210025 seconds

=====================
2015-12-06 04:50:05
32 threads
225 trees
12 iterations
19.693224 1.000000
5 5 4 1 1 14 16 6 2 2 4 2 2 3 2 2 1 5 7 4 3 6 1 7 1 1 1 4 1 5 1 9 6 1 2 3 1 8 2 2 2 1 2 1 3 4 3 2 1 1 1 1 1 1 2 3 2 1 1 1 1 1 3 1 1 1 1 1 2 1 1 1 5 2 2 1 1 2 1 1 1 1 1 1 1 1 1 1 
Time : 0.311700 seconds

=====================
2015-12-06 04:50:05
32 threads
225 trees
12 iterations
19.693224 1.000000
5 5 4 1 1 14 16 6 2 2 4 2 2 3 2 2 1 5 7 4 3 6 1 7 1 1 1 4 1 5 1 9 6 1 2 3 1 8 2 2 2 1 2 1 3 4 3 2 1 1 1 1 1 1 2 3 2 1 1 1 1 1 3 1 1 1 1 1 2 1 1 1 5 2 2 1 1 2 1 1 1 1 1 1 1 1 1 1 
Time : 0.342828 seconds

=====================
2015-12-06 04:50:06
32 threads
225 trees
12 iterations
9.584680 1.000000
224 1 
Time : 0.207865 seconds

=====================
2015-12-06 04:50:06
32 threads
225 trees
12 iterations
9.584680 1.000000
224 1 
Time : 0.231000 seconds

=====================
