2015-12-07 01:25:13
1 threads
220 trees
12 iterations
11.954249 1.000000
169 3 16 1 15 1 7 1 3 1 2 1 
Time : 3.232653 seconds

=====================
2015-12-07 01:25:15
1 threads
220 trees
12 iterations
10.284724 1.000000
210 5 3 1 1 
Time : 2.793853 seconds

=====================
2015-12-07 01:25:19
1 threads
220 trees
12 iterations
17.885509 1.000000
6 2 14 9 17 4 4 2 9 2 2 1 2 2 2 2 3 1 2 1 1 2 20 8 3 6 4 2 7 1 5 1 3 1 1 6 5 2 2 6 3 1 1 3 2 2 1 1 1 2 2 1 4 1 2 2 3 1 1 1 1 1 1 1 1 1 1 1 1 1 1 1 
Time : 3.840508 seconds

=====================
2015-12-07 01:25:24
1 threads
220 trees
12 iterations
15.635812 1.000000
8 9 12 12 18 43 19 10 7 8 8 14 8 2 4 2 1 3 5 2 1 3 1 1 3 3 2 1 3 1 1 1 2 1 1 
Time : 3.993235 seconds

=====================
2015-12-07 01:25:29
1 threads
220 trees
12 iterations
20.011466 1.000000
1 2 2 3 1 5 1 5 1 7 5 4 2 18 3 7 2 9 2 1 1 11 1 1 3 1 3 3 1 1 1 5 2 3 4 1 2 1 2 3 6 3 1 1 1 3 4 2 3 1 1 2 1 1 3 2 1 1 1 1 2 1 1 2 1 2 1 1 4 3 1 1 2 1 1 1 1 1 1 1 1 1 1 1 1 1 2 1 1 1 1 1 2 1 1 1 1 1 1 
Time : 5.056174 seconds

=====================
2015-12-07 01:25:32
1 threads
220 trees
12 iterations
9.170852 1.000000
220 
Time : 3.377646 seconds

=====================
2015-12-07 01:25:36
1 threads
220 trees
12 iterations
17.848069 1.000000
7 4 10 12 5 2 7 1 8 2 5 5 7 15 11 4 9 6 1 1 1 1 4 1 4 2 3 13 2 1 1 6 1 3 4 2 3 2 1 1 5 2 2 1 1 2 1 3 3 2 1 2 1 1 1 1 1 2 1 1 1 1 1 1 1 1 1 1 
Time : 4.045472 seconds

=====================
2015-12-07 01:25:41
1 threads
220 trees
12 iterations
13.504739 1.000000
31 106 4 5 5 17 16 1 5 2 3 5 1 1 1 1 4 2 1 1 1 1 1 1 1 2 1 
Time : 4.170732 seconds

=====================
2015-12-07 01:25:44
1 threads
220 trees
12 iterations
9.896299 1.000000
210 2 1 4 2 1 
Time : 2.939679 seconds

=====================
2015-12-07 01:25:47
1 threads
220 trees
12 iterations
13.438679 1.000000
60 16 8 14 4 12 39 5 11 3 4 2 6 5 14 2 1 3 1 1 1 1 1 1 2 1 1 1 
Time : 3.526293 seconds

=====================
2015-12-07 01:25:53
1 threads
220 trees
12 iterations
15.334864 1.000000
2 1 18 4 24 6 10 18 5 1 15 10 3 9 6 2 11 10 1 1 1 9 5 8 5 2 10 1 3 2 1 1 2 1 1 3 2 1 2 1 1 1 
Time : 5.282418 seconds

=====================
2015-12-07 01:25:58
1 threads
220 trees
12 iterations
20.742569 1.000000
3 1 2 1 1 3 1 1 1 10 1 2 1 4 6 4 2 3 4 1 2 4 2 1 1 3 1 1 8 2 1 3 1 7 1 1 1 1 5 2 1 1 1 3 2 4 1 6 2 1 3 5 1 1 6 2 5 2 1 1 2 2 1 1 1 1 1 2 5 2 4 1 2 1 4 1 2 3 3 3 2 1 2 3 1 2 1 1 1 1 1 2 1 1 2 1 1 1 1 1 1 1 
Time : 5.315316 seconds

=====================
2015-12-07 01:26:02
1 threads
220 trees
12 iterations
4.210304 1.000000
220 
Time : 3.021193 seconds

=====================
2015-12-07 01:26:04
1 threads
220 trees
12 iterations
7.611720 1.000000
220 
Time : 2.575368 seconds

=====================
2015-12-07 01:26:07
1 threads
220 trees
12 iterations
5.247523 1.000000
220 
Time : 2.647559 seconds

=====================
2015-12-07 01:26:11
1 threads
220 trees
12 iterations
14.087713 1.000000
22 33 10 4 28 52 5 1 2 12 2 10 9 5 1 1 3 5 2 2 1 2 1 2 1 2 2 
Time : 3.698863 seconds

=====================
2015-12-07 01:26:13
1 threads
220 trees
12 iterations
5.376705 1.000000
220 
Time : 2.309175 seconds

=====================
2015-12-07 01:26:18
1 threads
220 trees
12 iterations
17.940360 1.000000
1 2 1 1 9 1 3 2 20 12 15 4 4 1 2 1 4 3 1 1 10 16 6 1 3 3 2 2 2 1 3 4 3 1 18 2 3 3 2 2 2 1 3 2 3 1 3 1 1 1 1 1 3 1 2 2 1 1 1 1 1 1 1 1 1 1 2 1 1 1 1 1 
Time : 4.973446 seconds

=====================
2015-12-07 01:26:22
1 threads
220 trees
12 iterations
10.584770 1.000000
212 4 1 1 1 1 
Time : 3.134243 seconds

=====================
2015-12-07 01:26:26
1 threads
220 trees
12 iterations
16.565796 1.000000
12 8 8 3 3 16 23 5 11 3 2 19 3 7 7 2 2 5 2 5 3 6 1 2 1 1 1 1 1 3 1 1 1 10 1 3 2 7 1 1 2 3 2 2 3 1 1 2 1 1 2 1 1 1 1 1 1 
Time : 4.010832 seconds

=====================
2015-12-07 01:26:31
1 threads
220 trees
12 iterations
20.108707 1.000000
2 1 4 2 2 2 2 2 3 13 3 3 3 8 5 1 3 5 8 3 10 1 8 1 2 1 3 2 2 4 1 3 3 1 1 3 1 1 1 2 2 3 2 2 1 4 1 3 8 2 3 1 1 1 2 1 2 3 3 1 5 1 2 1 1 2 1 1 1 1 2 1 2 1 1 1 1 1 1 1 1 2 2 1 1 1 2 1 1 1 1 1 2 1 1 1 
Time : 5.247973 seconds

=====================
2015-12-07 01:26:36
1 threads
220 trees
12 iterations
12.971062 1.000000
34 22 28 28 69 3 6 3 2 7 2 5 5 1 2 1 1 1 
Time : 4.311706 seconds

=====================
2015-12-07 01:26:39
1 threads
220 trees
12 iterations
5.931937 1.000000
220 
Time : 3.283712 seconds

=====================
2015-12-07 01:26:43
1 threads
220 trees
12 iterations
11.100174 1.000000
199 17 2 2 
Time : 3.708411 seconds

=====================
2015-12-07 01:26:47
1 threads
220 trees
12 iterations
10.695192 1.000000
218 1 1 
Time : 4.291048 seconds

=====================
2015-12-07 01:26:51
1 threads
220 trees
12 iterations
13.125261 1.000000
84 43 14 6 29 3 1 1 2 8 8 5 1 1 2 4 2 3 1 1 1 
Time : 3.243999 seconds

=====================
2015-12-07 01:26:56
1 threads
220 trees
12 iterations
19.442503 1.000000
1 4 1 5 1 7 16 3 1 2 2 4 6 6 4 5 1 18 3 3 2 1 1 1 7 2 1 1 1 3 1 2 4 4 3 3 1 3 3 1 7 1 1 4 2 4 2 1 1 1 2 4 1 2 1 1 1 2 2 4 1 1 3 1 1 1 1 1 2 1 1 3 2 1 1 1 4 1 1 1 2 3 1 1 1 1 
Time : 4.921601 seconds

=====================
2015-12-07 01:26:59
1 threads
220 trees
12 iterations
8.877580 1.000000
220 
Time : 2.984255 seconds

=====================
2015-12-07 01:27:03
1 threads
220 trees
12 iterations
14.217622 1.000000
66 5 26 18 5 5 36 5 2 5 5 2 14 2 2 3 1 1 1 1 1 2 1 2 1 2 2 1 1 1 1 
Time : 3.692643 seconds

=====================
2015-12-07 01:27:06
1 threads
220 trees
12 iterations
10.795994 1.000000
199 9 3 8 1 
Time : 3.600375 seconds

=====================
2015-12-07 01:27:09
2 threads
220 trees
12 iterations
15.529386 1.000000
2 20 5 39 13 1 30 6 19 1 6 6 5 3 4 9 7 1 1 2 3 2 6 4 1 5 2 1 1 1 2 1 1 1 1 3 1 2 1 1 
Time : 2.151309 seconds

=====================
2015-12-07 01:27:11
2 threads
220 trees
12 iterations
15.658806 1.000000
2 42 7 4 8 2 2 24 8 3 7 1 8 3 9 11 14 1 2 3 2 5 4 6 7 1 9 2 2 2 1 1 1 1 3 1 3 1 2 1 2 1 1 
Time : 1.870241 seconds

=====================
2015-12-07 01:27:13
2 threads
220 trees
12 iterations
10.570689 1.000000
219 1 
Time : 2.608395 seconds

=====================
2015-12-07 01:27:16
2 threads
220 trees
12 iterations
5.529247 1.000000
220 
Time : 2.363615 seconds

=====================
2015-12-07 01:27:19
2 threads
220 trees
12 iterations
15.153222 1.000000
3 5 16 17 1 7 3 24 16 6 5 1 16 15 15 1 1 5 2 6 2 2 3 3 1 3 5 6 2 1 1 1 1 3 2 6 1 1 1 1 3 1 2 1 1 1 
Time : 2.623507 seconds

=====================
2015-12-07 01:27:21
2 threads
220 trees
12 iterations
16.210343 1.000000
4 27 6 3 4 5 48 13 1 1 4 1 3 11 3 2 9 2 2 3 3 3 5 6 1 1 3 7 1 3 7 2 4 1 5 1 1 2 2 3 1 1 1 1 1 1 1 
Time : 2.304805 seconds

=====================
2015-12-07 01:27:23
2 threads
220 trees
12 iterations
10.145610 1.000000
212 7 1 
Time : 2.263617 seconds

=====================
2015-12-07 01:27:26
2 threads
220 trees
12 iterations
19.033744 1.000000
19 6 3 4 4 12 1 1 9 3 2 2 1 6 2 8 2 2 4 2 5 1 2 4 2 3 8 3 3 8 1 6 2 1 6 2 1 6 6 4 1 1 2 1 1 1 4 1 1 1 1 1 1 1 2 1 2 1 1 1 1 1 1 3 1 3 1 1 1 2 1 1 1 1 1 2 1 2 1 1 
Time : 2.769782 seconds

=====================
2015-12-07 01:27:29
2 threads
220 trees
12 iterations
3.940744 1.000000
220 
Time : 2.271375 seconds

=====================
2015-12-07 01:27:31
2 threads
220 trees
12 iterations
9.100301 1.000000
218 2 
Time : 1.830417 seconds

=====================
2015-12-07 01:27:32
2 threads
220 trees
12 iterations
4.439012 1.000000
220 
Time : 1.714426 seconds

=====================
2015-12-07 01:27:35
2 threads
220 trees
12 iterations
5.996346 1.000000
220 
Time : 2.147551 seconds

=====================
2015-12-07 01:27:37
2 threads
220 trees
12 iterations
13.380193 1.000000
102 19 9 25 1 7 3 7 6 1 14 5 3 5 2 1 1 2 1 1 2 1 1 1 
Time : 2.609453 seconds

=====================
2015-12-07 01:27:39
2 threads
220 trees
12 iterations
10.505363 1.000000
206 9 3 2 
Time : 1.629855 seconds

=====================
2015-12-07 01:27:42
2 threads
220 trees
12 iterations
14.829907 1.000000
9 14 10 11 15 6 8 37 1 39 1 7 7 6 1 1 1 8 1 1 1 7 4 1 1 3 1 6 4 1 1 2 1 1 1 1 
Time : 3.261208 seconds

=====================
2015-12-07 01:27:46
2 threads
220 trees
12 iterations
17.899135 1.000000
5 5 14 8 5 2 6 7 14 6 3 2 4 1 9 11 5 6 14 5 1 2 1 1 5 1 2 1 1 6 2 1 3 7 2 1 1 4 3 5 2 1 1 1 1 2 1 1 2 1 1 2 2 1 1 1 1 3 1 1 1 2 2 1 1 1 1 1 1 
Time : 3.291261 seconds

=====================
2015-12-07 01:27:47
2 threads
220 trees
12 iterations
6.387086 1.000000
220 
Time : 1.437304 seconds

=====================
2015-12-07 01:27:49
2 threads
220 trees
12 iterations
11.228431 1.000000
202 9 5 1 2 1 
Time : 1.782666 seconds

=====================
2015-12-07 01:27:52
2 threads
220 trees
12 iterations
4.384086 1.000000
220 
Time : 2.250444 seconds

=====================
2015-12-07 01:27:54
2 threads
220 trees
12 iterations
16.355797 1.000000
17 15 16 26 27 2 3 7 1 1 2 1 11 4 3 3 2 6 1 2 5 1 2 1 3 1 2 3 1 4 1 5 1 2 1 1 2 4 1 1 1 3 1 2 2 1 1 1 1 5 1 1 1 2 1 1 1 1 1 
Time : 2.348288 seconds

=====================
2015-12-07 01:27:56
2 threads
220 trees
12 iterations
6.189333 1.000000
220 
Time : 1.812292 seconds

=====================
2015-12-07 01:27:59
2 threads
220 trees
12 iterations
14.311957 1.000000
14 6 5 12 10 72 3 1 3 10 7 8 9 2 8 3 16 3 2 1 3 2 1 1 4 2 3 1 2 1 1 1 1 1 1 
Time : 2.730316 seconds

=====================
2015-12-07 01:28:01
2 threads
220 trees
12 iterations
10.259889 1.000000
220 
Time : 1.841108 seconds

=====================
2015-12-07 01:28:03
2 threads
220 trees
12 iterations
6.694781 1.000000
220 
Time : 1.775861 seconds

=====================
2015-12-07 01:28:05
2 threads
220 trees
12 iterations
6.412305 1.000000
220 
Time : 1.926660 seconds

=====================
2015-12-07 01:28:08
2 threads
220 trees
12 iterations
19.152230 1.000000
4 3 1 7 8 3 4 5 16 1 1 1 3 2 2 4 6 1 8 3 5 4 14 3 6 1 2 2 1 3 3 2 2 2 4 2 5 1 1 4 7 1 3 3 1 3 1 1 2 2 2 4 3 2 2 2 2 3 1 1 2 1 1 1 1 2 1 1 1 1 1 1 2 1 1 1 1 1 1 1 1 
Time : 3.306249 seconds

=====================
2015-12-07 01:28:10
2 threads
220 trees
12 iterations
15.243649 1.000000
7 6 7 3 19 4 4 7 22 4 18 7 1 35 1 3 2 2 1 3 2 4 1 8 6 2 2 11 3 4 2 1 1 1 2 1 1 1 1 1 1 2 2 2 1 1 
Time : 2.238614 seconds

=====================
2015-12-07 01:28:13
2 threads
220 trees
12 iterations
6.921918 1.000000
220 
Time : 2.102683 seconds

=====================
2015-12-07 01:28:15
2 threads
220 trees
12 iterations
11.006217 1.000000
204 9 4 1 1 1 
Time : 1.899694 seconds

=====================
2015-12-07 01:28:17
2 threads
220 trees
12 iterations
4.807402 1.000000
220 
Time : 2.342476 seconds

=====================
2015-12-07 01:28:18
4 threads
220 trees
12 iterations
7.502672 1.000000
217 3 
Time : 1.064841 seconds

=====================
2015-12-07 01:28:20
4 threads
220 trees
12 iterations
18.723806 1.000000
6 6 10 1 5 7 3 3 1 7 9 3 2 4 13 5 2 2 11 1 4 8 1 3 5 2 1 3 1 1 1 7 3 3 3 1 1 1 5 4 1 1 3 2 2 1 3 5 4 1 1 1 1 1 1 1 1 2 1 1 2 1 1 1 2 1 3 1 1 1 2 1 1 1 1 1 1 1 1 1 1 1 
Time : 1.761430 seconds

=====================
2015-12-07 01:28:21
4 threads
220 trees
12 iterations
13.327260 1.000000
31 24 14 36 1 19 5 34 7 2 14 9 1 1 4 3 1 4 6 2 1 1 
Time : 1.269890 seconds

=====================
2015-12-07 01:28:23
4 threads
220 trees
12 iterations
19.852739 1.000000
5 3 11 4 5 1 1 3 2 1 2 1 4 5 2 4 2 4 1 11 4 2 3 5 2 1 3 2 1 2 4 1 6 3 2 1 3 7 5 1 3 6 2 1 3 1 1 1 2 2 1 2 3 3 2 1 1 1 1 2 1 3 2 2 1 2 1 1 1 1 1 2 1 1 1 1 1 3 2 1 3 1 1 1 1 1 1 2 1 1 1 1 1 1 1 1 1 1 1 
Time : 1.482780 seconds

=====================
2015-12-07 01:28:24
4 threads
220 trees
12 iterations
7.105602 1.000000
220 
Time : 1.096746 seconds

=====================
2015-12-07 01:28:25
4 threads
220 trees
12 iterations
10.428948 1.000000
208 3 6 2 1 
Time : 0.995898 seconds

=====================
2015-12-07 01:28:27
4 threads
220 trees
12 iterations
20.359848 1.000000
2 7 12 1 12 1 5 10 4 3 3 4 4 13 1 1 2 7 5 2 2 5 2 1 7 1 1 1 3 2 1 3 5 1 1 2 3 1 2 2 1 2 1 1 2 1 1 2 1 2 3 1 7 2 3 2 1 1 1 1 1 1 1 3 1 1 1 3 1 1 1 1 2 1 1 1 1 1 1 2 1 1 1 1 1 1 1 1 1 1 1 1 1 
Time : 1.997152 seconds

=====================
2015-12-07 01:28:29
4 threads
220 trees
12 iterations
14.576982 1.000000
7 16 13 9 8 18 26 13 6 24 17 9 2 1 1 4 7 2 3 6 3 5 3 2 5 1 2 1 1 2 1 1 1 
Time : 1.275074 seconds

=====================
2015-12-07 01:28:30
4 threads
220 trees
12 iterations
6.070829 1.000000
220 
Time : 0.978186 seconds

=====================
2015-12-07 01:28:31
4 threads
220 trees
12 iterations
11.880987 1.000000
30 36 117 26 2 8 1 
Time : 1.154039 seconds

=====================
2015-12-07 01:28:32
4 threads
220 trees
12 iterations
6.058542 1.000000
220 
Time : 1.047671 seconds

=====================
2015-12-07 01:28:34
4 threads
220 trees
12 iterations
13.792528 1.000000
1 84 31 6 4 6 2 4 5 17 10 13 1 1 2 7 1 17 1 3 1 3 
Time : 1.232898 seconds

=====================
2015-12-07 01:28:35
4 threads
220 trees
12 iterations
19.464847 1.000000
5 17 6 6 14 9 8 4 2 4 6 8 2 4 6 7 6 2 6 3 5 7 2 2 1 1 3 2 3 1 3 4 3 1 3 4 1 1 2 4 1 1 1 2 1 1 1 1 1 4 1 1 1 1 2 2 1 1 1 2 2 1 1 1 1 1 1 1 1 1 1 1 1 1 
Time : 1.617398 seconds

=====================
2015-12-07 01:28:36
4 threads
220 trees
12 iterations
4.449936 1.000000
220 
Time : 0.936115 seconds

=====================
2015-12-07 01:28:38
4 threads
220 trees
12 iterations
14.495626 1.000000
1 22 25 6 49 4 10 6 10 10 13 9 2 2 4 6 3 1 5 5 1 2 1 1 3 2 1 1 4 1 1 1 1 1 2 1 1 1 1 
Time : 1.407249 seconds

=====================
2015-12-07 01:28:39
4 threads
220 trees
12 iterations
9.432067 1.000000
220 
Time : 1.263260 seconds

=====================
2015-12-07 01:28:41
4 threads
220 trees
12 iterations
20.665966 1.000000
1 5 2 1 3 3 1 5 11 3 4 1 5 1 3 9 5 7 4 1 1 1 9 7 4 11 2 1 3 1 2 4 1 2 1 3 1 2 1 2 1 1 2 1 2 4 1 1 2 1 1 1 2 1 6 1 2 1 9 8 2 2 2 1 1 1 3 4 2 1 3 1 1 1 1 1 1 2 1 1 1 1 1 1 1 1 
Time : 1.813877 seconds

=====================
2015-12-07 01:28:42
4 threads
220 trees
12 iterations
5.806251 1.000000
220 
Time : 1.098562 seconds

=====================
2015-12-07 01:28:44
4 threads
220 trees
12 iterations
4.241515 1.000000
220 
Time : 1.132787 seconds

=====================
2015-12-07 01:28:45
4 threads
220 trees
12 iterations
8.133949 1.000000
220 
Time : 1.074940 seconds

=====================
2015-12-07 01:28:46
4 threads
220 trees
12 iterations
6.775334 1.000000
220 
Time : 1.088904 seconds

=====================
2015-12-07 01:28:47
4 threads
220 trees
12 iterations
12.233308 1.000000
49 153 4 4 4 1 2 1 1 1 
Time : 1.198633 seconds

=====================
2015-12-07 01:28:49
4 threads
220 trees
12 iterations
20.627210 1.000000
16 2 3 1 1 8 6 2 4 2 7 3 1 1 1 4 9 1 2 2 3 1 2 9 2 1 1 6 4 2 1 1 5 4 7 3 2 3 1 1 8 1 2 1 1 1 1 3 3 1 5 1 1 4 3 1 1 2 2 1 1 2 1 1 1 4 1 1 2 1 1 1 1 2 1 1 2 1 1 1 1 1 1 1 3 1 1 1 1 1 1 1 1 
Time : 1.907941 seconds

=====================
2015-12-07 01:28:50
4 threads
220 trees
12 iterations
4.848525 1.000000
220 
Time : 1.112198 seconds

=====================
2015-12-07 01:28:52
4 threads
220 trees
12 iterations
20.138795 1.000000
5 3 5 15 1 2 6 5 7 2 4 4 2 5 9 9 2 1 3 1 2 4 3 5 3 6 2 4 5 5 2 1 2 2 2 2 3 1 1 1 1 1 3 2 3 1 3 1 2 1 6 4 1 4 1 1 1 2 1 1 2 2 2 2 1 1 4 1 1 1 2 1 1 1 1 1 1 1 1 1 1 1 1 1 1 
Time : 1.959685 seconds

=====================
2015-12-07 01:28:54
4 threads
220 trees
12 iterations
16.186901 1.000000
6 6 6 1 5 2 8 29 8 5 12 2 15 4 6 2 1 2 5 1 1 2 13 4 4 6 1 1 1 3 1 3 2 10 1 1 1 4 4 1 2 1 1 4 1 2 2 1 1 2 1 2 1 1 1 1 1 1 1 1 1 1 
Time : 1.754436 seconds

=====================
2015-12-07 01:28:56
4 threads
220 trees
12 iterations
20.943874 1.000000
1 2 6 1 6 1 2 1 2 3 2 2 2 1 1 3 2 2 3 2 5 1 5 6 6 8 6 1 1 3 2 1 1 4 2 1 1 8 2 3 2 6 2 2 1 1 2 1 3 2 6 7 4 2 7 1 3 1 2 1 1 1 5 2 1 3 1 1 3 2 1 1 1 1 1 1 1 1 2 1 1 1 1 2 1 1 1 1 1 1 1 2 1 1 3 1 1 
Time : 1.799087 seconds

=====================
2015-12-07 01:28:58
4 threads
220 trees
12 iterations
14.128172 1.000000
1 52 9 48 19 37 2 6 2 17 5 2 2 4 3 1 2 1 1 3 1 1 1 
Time : 1.374648 seconds

=====================
2015-12-07 01:29:00
4 threads
220 trees
12 iterations
19.804716 1.000000
19 1 11 5 6 2 1 7 6 2 4 2 6 1 3 2 1 5 1 1 4 4 2 2 4 2 2 4 4 5 1 2 8 1 3 2 1 5 1 1 1 2 1 4 5 3 1 4 4 1 5 1 1 1 1 3 1 1 1 2 2 2 2 1 1 4 3 1 1 1 1 1 1 1 1 1 1 1 1 1 1 2 1 1 
Time : 1.776114 seconds

=====================
2015-12-07 01:29:02
4 threads
220 trees
12 iterations
18.857752 1.000000
12 6 1 18 10 2 9 1 7 2 10 5 4 1 2 2 1 5 3 4 1 5 2 2 5 11 1 3 4 6 1 3 1 1 1 1 1 1 1 2 2 2 2 1 1 2 3 4 2 1 1 2 1 2 3 1 1 1 1 2 1 1 1 1 2 3 1 1 1 1 2 1 1 2 2 1 1 1 1 1 1 
Time : 1.991684 seconds

=====================
2015-12-07 01:29:03
8 threads
220 trees
12 iterations
11.433675 1.000000
49 10 150 2 2 4 1 2 
Time : 0.769602 seconds

=====================
2015-12-07 01:29:04
8 threads
220 trees
12 iterations
18.679685 1.000000
3 7 11 1 10 3 2 8 1 2 1 1 5 1 3 10 1 16 1 3 4 1 2 2 1 4 2 5 2 1 3 6 1 5 1 2 3 5 6 1 2 1 7 5 1 3 1 8 2 3 1 1 3 2 1 2 2 2 2 2 2 2 3 1 1 1 1 1 1 1 1 1 1 2 1 1 1 
Time : 0.926310 seconds

=====================
2015-12-07 01:29:05
8 threads
220 trees
12 iterations
17.226296 1.000000
11 1 10 9 3 2 7 8 8 6 1 7 6 1 11 3 3 3 5 2 2 5 7 1 6 2 2 2 1 4 2 8 4 1 2 2 2 2 4 6 6 1 1 2 1 2 3 3 1 3 3 1 2 1 1 1 1 1 1 1 1 2 1 1 2 1 1 1 1 1 
Time : 0.993490 seconds

=====================
2015-12-07 01:29:06
8 threads
220 trees
12 iterations
17.392250 1.000000
4 11 3 2 13 1 7 3 7 2 12 9 1 6 5 11 6 1 1 3 7 1 2 1 4 11 6 4 2 1 5 13 1 1 1 4 6 1 1 5 1 2 2 7 3 2 4 1 2 1 3 1 1 1 1 1 1 1 
Time : 0.874149 seconds

=====================
2015-12-07 01:29:07
8 threads
220 trees
12 iterations
17.858679 1.000000
2 14 7 9 4 5 13 2 4 8 14 5 1 13 2 4 3 3 1 6 5 2 2 7 1 1 1 2 2 6 1 3 2 2 6 1 3 1 5 3 2 1 2 1 1 3 2 3 3 1 3 1 1 1 1 3 1 1 1 2 1 1 1 1 1 1 1 1 1 1 
Time : 0.880902 seconds

=====================
2015-12-07 01:29:08
8 threads
220 trees
12 iterations
12.210510 1.000000
191 14 1 1 4 1 1 1 3 2 1 
Time : 0.648191 seconds

=====================
2015-12-07 01:29:08
8 threads
220 trees
12 iterations
7.279092 1.000000
220 
Time : 0.604228 seconds

=====================
2015-12-07 01:29:09
8 threads
220 trees
12 iterations
7.279092 1.000000
220 
Time : 0.552415 seconds

=====================
2015-12-07 01:29:09
8 threads
220 trees
12 iterations
9.359568 1.000000
220 
Time : 0.511313 seconds

=====================
2015-12-07 01:29:11
8 threads
220 trees
12 iterations
19.324807 1.000000
1 2 13 4 4 3 14 2 3 3 4 1 1 1 5 14 2 2 1 3 1 6 2 1 1 1 19 3 18 1 1 3 1 5 1 3 2 1 4 3 4 2 3 1 1 4 2 2 2 1 2 2 2 1 3 3 2 3 1 1 1 1 1 1 1 1 1 1 1 1 1 1 1 1 1 1 1 1 
Time : 0.993527 seconds

=====================
2015-12-07 01:29:11
8 threads
220 trees
12 iterations
10.593653 1.000000
211 1 2 1 2 3 
Time : 0.615362 seconds

=====================
2015-12-07 01:29:12
8 threads
220 trees
12 iterations
10.593653 1.000000
211 1 2 1 2 3 
Time : 0.606254 seconds

=====================
2015-12-07 01:29:13
8 threads
220 trees
12 iterations
12.279866 1.000000
96 18 10 47 19 4 5 7 1 3 6 2 1 1 
Time : 0.571467 seconds

=====================
2015-12-07 01:29:13
8 threads
220 trees
12 iterations
11.373456 1.000000
207 6 3 1 1 2 
Time : 0.623002 seconds

=====================
2015-12-07 01:29:14
8 threads
220 trees
12 iterations
11.373456 1.000000
207 6 3 1 1 2 
Time : 0.628836 seconds

=====================
2015-12-07 01:29:15
8 threads
220 trees
12 iterations
9.224609 1.000000
220 
Time : 0.656886 seconds

=====================
2015-12-07 01:29:15
8 threads
220 trees
12 iterations
4.201630 1.000000
220 
Time : 0.556650 seconds

=====================
2015-12-07 01:29:16
8 threads
220 trees
12 iterations
7.718199 1.000000
218 2 
Time : 0.511080 seconds

=====================
2015-12-07 01:29:17
8 threads
220 trees
12 iterations
7.718199 1.000000
218 2 
Time : 0.542866 seconds

=====================
2015-12-07 01:29:18
8 threads
220 trees
12 iterations
18.145949 1.000000
3 3 7 3 12 5 6 5 1 1 10 2 10 9 7 5 12 5 3 2 1 11 1 3 1 7 2 1 6 2 1 1 3 3 1 2 3 2 1 1 1 1 4 1 1 3 1 4 3 1 6 1 1 2 2 1 2 1 1 2 1 1 1 1 1 3 1 1 1 1 1 1 1 1 1 
Time : 0.983422 seconds

=====================
2015-12-07 01:29:18
8 threads
220 trees
12 iterations
12.080079 1.000000
162 1 23 8 3 11 1 1 5 2 1 1 1 
Time : 0.692523 seconds

=====================
2015-12-07 01:29:19
8 threads
220 trees
12 iterations
8.498595 1.000000
220 
Time : 0.564580 seconds

=====================
2015-12-07 01:29:20
8 threads
220 trees
12 iterations
8.498595 1.000000
220 
Time : 0.600757 seconds

=====================
2015-12-07 01:29:21
8 threads
220 trees
12 iterations
17.831788 1.000000
3 6 8 22 2 1 6 9 6 6 7 5 5 1 7 3 10 1 4 2 5 2 6 2 3 4 1 3 4 4 1 2 5 6 3 4 2 1 2 3 2 4 1 1 1 1 2 1 4 1 1 1 1 2 1 1 1 1 1 1 1 3 1 1 1 1 3 1 1 1 
Time : 0.947008 seconds

=====================
2015-12-07 01:29:22
8 threads
220 trees
12 iterations
9.915609 1.000000
209 6 3 1 1 
Time : 0.645203 seconds

=====================
2015-12-07 01:29:22
8 threads
220 trees
12 iterations
4.465260 1.000000
220 
Time : 0.517413 seconds

=====================
2015-12-07 01:29:23
8 threads
220 trees
12 iterations
4.465260 1.000000
220 
Time : 0.501159 seconds

=====================
2015-12-07 01:29:23
8 threads
220 trees
12 iterations
10.125910 1.000000
206 6 7 1 
Time : 0.609113 seconds

=====================
2015-12-07 01:29:24
8 threads
220 trees
12 iterations
10.137195 1.000000
213 5 2 
Time : 0.670293 seconds

=====================
2015-12-07 01:29:25
8 threads
220 trees
12 iterations
10.137195 1.000000
213 5 2 
Time : 0.637068 seconds

=====================
2015-12-07 01:29:25
16 threads
220 trees
12 iterations
14.649805 1.000000
4 1 2 7 35 14 9 2 3 2 11 15 1 11 1 21 2 8 7 1 1 2 11 10 4 11 1 1 8 2 1 1 2 1 1 2 1 1 1 1 
Time : 0.390903 seconds

=====================
2015-12-07 01:29:26
16 threads
220 trees
12 iterations
14.649805 1.000000
4 1 2 7 35 14 9 2 3 2 11 15 1 11 1 21 2 8 7 1 1 2 11 10 4 11 1 1 8 2 1 1 2 1 1 2 1 1 1 1 
Time : 0.412435 seconds

=====================
2015-12-07 01:29:26
16 threads
220 trees
12 iterations
11.735193 1.000000
156 21 11 2 10 15 2 1 2 
Time : 0.372710 seconds

=====================
2015-12-07 01:29:27
16 threads
220 trees
12 iterations
11.735193 1.000000
156 21 11 2 10 15 2 1 2 
Time : 0.350481 seconds

=====================
2015-12-07 01:29:27
16 threads
220 trees
12 iterations
4.717121 1.000000
220 
Time : 0.283285 seconds

=====================
2015-12-07 01:29:28
16 threads
220 trees
12 iterations
4.717121 1.000000
220 
Time : 0.298162 seconds

=====================
2015-12-07 01:29:28
16 threads
220 trees
12 iterations
9.784045 1.000000
219 1 
Time : 0.377346 seconds

=====================
2015-12-07 01:29:28
16 threads
220 trees
12 iterations
9.784045 1.000000
219 1 
Time : 0.368863 seconds

=====================
2015-12-07 01:29:29
16 threads
220 trees
12 iterations
4.143685 1.000000
220 
Time : 0.347813 seconds

=====================
2015-12-07 01:29:29
16 threads
220 trees
12 iterations
4.143685 1.000000
220 
Time : 0.357817 seconds

=====================
2015-12-07 01:29:30
16 threads
220 trees
12 iterations
4.143685 1.000000
220 
Time : 0.331423 seconds

=====================
2015-12-07 01:29:30
16 threads
220 trees
12 iterations
5.115848 1.000000
220 
Time : 0.285522 seconds

=====================
2015-12-07 01:29:30
16 threads
220 trees
12 iterations
5.115848 1.000000
220 
Time : 0.285607 seconds

=====================
2015-12-07 01:29:31
16 threads
220 trees
12 iterations
5.115848 1.000000
220 
Time : 0.268983 seconds

=====================
2015-12-07 01:29:31
16 threads
220 trees
12 iterations
10.173939 1.000000
218 2 
Time : 0.380239 seconds

=====================
2015-12-07 01:29:32
16 threads
220 trees
12 iterations
10.173939 1.000000
218 2 
Time : 0.377067 seconds

=====================
2015-12-07 01:29:32
16 threads
220 trees
12 iterations
15.476626 1.000000
66 13 4 3 11 22 1 15 6 1 4 2 2 2 1 7 1 5 4 4 2 7 1 5 1 1 1 6 4 2 1 1 1 2 2 3 1 2 1 1 1 
Time : 0.456300 seconds

=====================
2015-12-07 01:29:33
16 threads
220 trees
12 iterations
15.476626 1.000000
66 13 4 3 11 22 1 15 6 1 4 2 2 2 1 7 1 5 4 4 2 7 1 5 1 1 1 6 4 2 1 1 1 2 2 3 1 2 1 1 1 
Time : 0.464792 seconds

=====================
2015-12-07 01:29:33
16 threads
220 trees
12 iterations
18.035175 1.000000
7 11 2 23 1 16 6 6 5 4 5 5 17 1 5 1 9 3 1 2 4 1 8 3 1 8 2 6 2 2 2 2 3 2 5 2 1 3 3 1 1 1 4 2 2 1 1 4 1 1 2 2 1 1 1 1 1 1 1 
Time : 0.467614 seconds

=====================
2015-12-07 01:29:34
16 threads
220 trees
12 iterations
13.245193 1.000000
146 8 7 18 6 14 3 5 3 2 1 1 1 1 1 2 1 
Time : 0.362198 seconds

=====================
2015-12-07 01:29:34
16 threads
220 trees
12 iterations
13.245193 1.000000
146 8 7 18 6 14 3 5 3 2 1 1 1 1 1 2 1 
Time : 0.332505 seconds

=====================
2015-12-07 01:29:35
16 threads
220 trees
12 iterations
13.245193 1.000000
146 8 7 18 6 14 3 5 3 2 1 1 1 1 1 2 1 
Time : 0.331427 seconds

=====================
2015-12-07 01:29:35
16 threads
220 trees
12 iterations
9.735536 1.000000
193 24 2 1 
Time : 0.367223 seconds

=====================
2015-12-07 01:29:36
16 threads
220 trees
12 iterations
9.735536 1.000000
193 24 2 1 
Time : 0.340351 seconds

=====================
2015-12-07 01:29:36
16 threads
220 trees
12 iterations
11.432946 1.000000
205 3 3 1 2 1 1 2 1 1 
Time : 0.389908 seconds

=====================
2015-12-07 01:29:37
16 threads
220 trees
12 iterations
11.432946 1.000000
205 3 3 1 2 1 1 2 1 1 
Time : 0.385977 seconds

=====================
2015-12-07 01:29:37
16 threads
220 trees
12 iterations
16.766351 1.000000
29 1 9 1 11 9 9 19 14 3 23 9 4 4 2 1 4 6 3 2 2 5 1 1 1 2 4 1 1 3 2 1 1 3 5 2 1 4 1 2 1 1 1 2 2 1 1 1 1 1 1 1 
Time : 0.424854 seconds

=====================
2015-12-07 01:29:38
16 threads
220 trees
12 iterations
16.766351 1.000000
29 1 9 1 11 9 9 19 14 3 23 9 4 4 2 1 4 6 3 2 2 5 1 1 1 2 4 1 1 3 2 1 1 3 5 2 1 4 1 2 1 1 1 2 2 1 1 1 1 1 1 1 
Time : 0.398295 seconds

=====================
2015-12-07 01:29:38
16 threads
220 trees
12 iterations
5.550583 1.000000
220 
Time : 0.301501 seconds

=====================
2015-12-07 01:29:38
16 threads
220 trees
12 iterations
5.550583 1.000000
220 
Time : 0.315814 seconds

=====================
2015-12-07 01:29:39
32 threads
220 trees
12 iterations
5.550583 1.000000
220 
Time : 0.192793 seconds

=====================
2015-12-07 01:29:39
32 threads
220 trees
12 iterations
15.611303 1.000000
28 2 24 13 1 8 15 1 9 5 2 4 4 13 16 5 12 9 4 2 2 5 5 3 4 3 1 2 1 2 3 1 2 4 1 1 2 1 
Time : 0.276729 seconds

=====================
2015-12-07 01:29:39
32 threads
220 trees
12 iterations
15.611303 1.000000
28 2 24 13 1 8 15 1 9 5 2 4 4 13 16 5 12 9 4 2 2 5 5 3 4 3 1 2 1 2 3 1 2 4 1 1 2 1 
Time : 0.274377 seconds

=====================
2015-12-07 01:29:40
32 threads
220 trees
12 iterations
15.611303 1.000000
28 2 24 13 1 8 15 1 9 5 2 4 4 13 16 5 12 9 4 2 2 5 5 3 4 3 1 2 1 2 3 1 2 4 1 1 2 1 
Time : 0.278654 seconds

=====================
2015-12-07 01:29:40
32 threads
220 trees
12 iterations
14.617970 1.000000
17 18 5 30 4 4 19 2 29 4 18 4 10 1 8 4 9 1 2 2 3 2 3 1 1 6 1 2 1 1 2 1 1 1 1 1 1 
Time : 0.261951 seconds

=====================
2015-12-07 01:29:41
32 threads
220 trees
12 iterations
14.617970 1.000000
17 18 5 30 4 4 19 2 29 4 18 4 10 1 8 4 9 1 2 2 3 2 3 1 1 6 1 2 1 1 2 1 1 1 1 1 1 
Time : 0.293763 seconds

=====================
2015-12-07 01:29:41
32 threads
220 trees
12 iterations
12.895054 1.000000
166 11 15 10 8 1 1 2 1 1 2 2 
Time : 0.260664 seconds

=====================
2015-12-07 01:29:41
32 threads
220 trees
12 iterations
12.895054 1.000000
166 11 15 10 8 1 1 2 1 1 2 2 
Time : 0.264990 seconds

=====================
2015-12-07 01:29:42
32 threads
220 trees
12 iterations
12.895054 1.000000
166 11 15 10 8 1 1 2 1 1 2 2 
Time : 0.238678 seconds

=====================
2015-12-07 01:29:42
32 threads
220 trees
12 iterations
11.271917 1.000000
218 2 
Time : 0.198934 seconds

=====================
2015-12-07 01:29:42
32 threads
220 trees
12 iterations
11.271917 1.000000
218 2 
Time : 0.204924 seconds

=====================
2015-12-07 01:29:42
32 threads
220 trees
12 iterations
11.271917 1.000000
218 2 
Time : 0.214292 seconds

=====================
2015-12-07 01:29:43
32 threads
220 trees
12 iterations
4.357457 1.000000
220 
Time : 0.231695 seconds

=====================
2015-12-07 01:29:43
32 threads
220 trees
12 iterations
4.357457 1.000000
220 
Time : 0.240213 seconds

=====================
2015-12-07 01:29:43
32 threads
220 trees
12 iterations
4.357457 1.000000
220 
Time : 0.228496 seconds

=====================
2015-12-07 01:29:44
32 threads
220 trees
12 iterations
4.357457 1.000000
220 
Time : 0.214921 seconds

=====================
2015-12-07 01:29:44
32 threads
220 trees
12 iterations
19.982481 1.000000
1 12 1 4 1 8 9 1 8 2 1 1 5 5 1 1 3 6 1 2 2 2 1 1 4 8 2 1 2 1 3 7 1 1 3 1 2 1 7 5 3 1 1 3 6 2 1 3 2 1 3 3 2 1 5 1 2 1 5 1 1 1 1 1 1 1 2 1 2 1 3 1 2 3 1 2 3 1 1 1 2 1 2 1 2 1 1 1 1 1 1 1 
Time : 0.330233 seconds

=====================
2015-12-07 01:29:45
32 threads
220 trees
12 iterations
19.982481 1.000000
1 12 1 4 1 8 9 1 8 2 1 1 5 5 1 1 3 6 1 2 2 2 1 1 4 8 2 1 2 1 3 7 1 1 3 1 2 1 7 5 3 1 1 3 6 2 1 3 2 1 3 3 2 1 5 1 2 1 5 1 1 1 1 1 1 1 2 1 2 1 3 1 2 3 1 2 3 1 1 1 2 1 2 1 2 1 1 1 1 1 1 1 
Time : 0.335847 seconds

=====================
2015-12-07 01:29:45
32 threads
220 trees
12 iterations
7.042854 1.000000
220 
Time : 0.219809 seconds

=====================
2015-12-07 01:29:45
32 threads
220 trees
12 iterations
7.042854 1.000000
220 
Time : 0.205601 seconds

=====================
2015-12-07 01:29:46
32 threads
220 trees
12 iterations
7.042854 1.000000
220 
Time : 0.199491 seconds

=====================
2015-12-07 01:29:46
32 threads
220 trees
12 iterations
17.066169 1.000000
24 16 25 5 10 1 6 3 4 2 7 10 6 1 5 6 4 2 1 1 1 1 7 1 9 1 5 1 1 2 5 3 8 1 2 2 2 1 1 2 1 1 3 1 2 1 1 1 1 2 2 1 2 1 1 1 1 1 1 
Time : 0.282298 seconds

=====================
2015-12-07 01:29:46
32 threads
220 trees
12 iterations
17.066169 1.000000
24 16 25 5 10 1 6 3 4 2 7 10 6 1 5 6 4 2 1 1 1 1 7 1 9 1 5 1 1 2 5 3 8 1 2 2 2 1 1 2 1 1 3 1 2 1 1 1 1 2 2 1 2 1 1 1 1 1 1 
Time : 0.301395 seconds

=====================
2015-12-07 01:29:47
32 threads
220 trees
12 iterations
17.066169 1.000000
24 16 25 5 10 1 6 3 4 2 7 10 6 1 5 6 4 2 1 1 1 1 7 1 9 1 5 1 1 2 5 3 8 1 2 2 2 1 1 2 1 1 3 1 2 1 1 1 1 2 2 1 2 1 1 1 1 1 1 
Time : 0.289575 seconds

=====================
2015-12-07 01:29:47
32 threads
220 trees
12 iterations
5.292058 1.000000
220 
Time : 0.241270 seconds

=====================
2015-12-07 01:29:47
32 threads
220 trees
12 iterations
5.292058 1.000000
220 
Time : 0.217998 seconds

=====================
2015-12-07 01:29:48
32 threads
220 trees
12 iterations
5.292058 1.000000
220 
Time : 0.252400 seconds

=====================
2015-12-07 01:29:48
32 threads
220 trees
12 iterations
7.457112 1.000000
220 
Time : 0.163134 seconds

=====================
2015-12-07 01:29:48
32 threads
220 trees
12 iterations
7.457112 1.000000
220 
Time : 0.174081 seconds

=====================
2015-12-07 01:29:48
32 threads
220 trees
12 iterations
7.457112 1.000000
220 
Time : 0.172606 seconds

=====================
