2015-12-06 11:59:16
1 threads
203 trees
12 iterations
203 
Time : 0.919673 seconds

=====================
2015-12-06 11:59:18
1 threads
203 trees
12 iterations
6 7 6 3 12 8 5 1 3 10 2 3 5 4 1 6 6 8 2 3 1 2 6 3 7 4 1 6 5 2 1 1 1 2 1 1 1 1 3 2 3 1 1 3 4 4 2 1 1 1 1 1 5 1 2 1 2 1 1 1 1 2 1 1 1 1 2 1 1 1 2 
Time : 1.662456 seconds

=====================
2015-12-06 11:59:19
1 threads
203 trees
12 iterations
115 44 7 1 5 7 18 2 2 1 1 
Time : 1.121540 seconds

=====================
2015-12-06 11:59:21
1 threads
203 trees
12 iterations
2 1 7 1 4 1 3 2 2 7 4 9 1 9 2 1 7 1 5 2 7 3 5 4 5 6 2 7 4 2 7 3 1 2 1 3 1 1 3 2 8 2 1 7 2 1 1 3 2 1 1 1 1 1 2 1 1 1 1 1 1 2 2 1 2 2 1 1 1 1 1 1 1 1 1 2 1 1 1 
Time : 1.752634 seconds

=====================
2015-12-06 11:59:22
1 threads
203 trees
12 iterations
203 
Time : 1.165671 seconds

=====================
2015-12-06 11:59:24
1 threads
203 trees
12 iterations
1 4 5 28 1 13 4 2 14 7 8 1 8 11 1 8 1 10 5 1 1 1 5 9 3 9 1 8 2 3 3 1 3 1 1 1 1 2 1 1 2 1 1 1 2 1 1 1 1 1 1 
Time : 1.842347 seconds

=====================
2015-12-06 11:59:26
1 threads
203 trees
12 iterations
1 4 1 2 6 2 9 1 10 4 9 3 1 1 1 2 4 3 1 1 1 5 1 2 2 12 1 1 2 2 5 1 6 1 1 5 13 1 5 2 1 1 3 3 1 2 2 2 1 1 1 5 3 1 1 1 3 3 1 1 2 1 2 2 1 1 2 4 1 1 1 2 2 1 1 2 1 1 1 1 1 
Time : 1.833697 seconds

=====================
2015-12-06 11:59:28
1 threads
203 trees
12 iterations
203 
Time : 0.977513 seconds

=====================
2015-12-06 11:59:29
1 threads
203 trees
12 iterations
35 5 5 5 4 10 1 2 9 4 9 2 9 1 4 2 3 6 10 3 1 7 1 5 2 7 1 1 1 3 2 1 8 2 1 2 2 1 1 1 4 4 1 1 1 1 1 1 2 1 1 1 2 1 1 1 
Time : 1.589144 seconds

=====================
2015-12-06 11:59:30
1 threads
203 trees
12 iterations
203 
Time : 1.089386 seconds

=====================
2015-12-06 11:59:32
1 threads
203 trees
12 iterations
200 2 1 
Time : 1.161202 seconds

=====================
2015-12-06 11:59:33
1 threads
203 trees
12 iterations
203 
Time : 0.948888 seconds

=====================
2015-12-06 11:59:34
1 threads
203 trees
12 iterations
24 159 2 1 3 1 3 1 3 1 1 2 1 1 
Time : 1.383239 seconds

=====================
2015-12-06 11:59:35
1 threads
203 trees
12 iterations
203 
Time : 1.002539 seconds

=====================
2015-12-06 11:59:36
1 threads
203 trees
12 iterations
203 
Time : 0.992057 seconds

=====================
