2015-12-06 12:03:57
1 threads
203 trees
12 iterations
203 
Time : 0.927736 seconds

=====================
2015-12-06 12:03:58
1 threads
203 trees
12 iterations
201 1 1 
Time : 1.053280 seconds

=====================
2015-12-06 12:04:01
1 threads
203 trees
12 iterations
1 4 2 5 7 2 8 7 29 3 2 2 5 2 5 3 9 5 1 1 18 2 1 1 3 3 3 2 2 1 2 1 1 1 1 2 1 4 1 2 1 1 3 2 1 1 1 1 6 1 2 1 1 1 2 1 2 2 1 1 2 1 2 1 1 1 1 2 1 1 1 1 1 
Time : 2.825288 seconds

=====================
2015-12-06 12:04:02
1 threads
203 trees
12 iterations
167 2 6 1 3 4 5 4 3 4 1 2 1 
Time : 1.004014 seconds

=====================
2015-12-06 12:04:05
1 threads
203 trees
12 iterations
2 20 1 4 1 2 1 2 2 1 1 7 2 2 3 5 1 1 1 4 2 1 3 6 9 4 3 3 5 6 13 8 1 4 7 3 2 3 1 1 3 1 1 2 4 2 3 3 1 2 1 2 1 4 2 1 1 2 1 1 1 1 1 2 1 1 1 1 1 1 1 2 1 1 1 
Time : 2.759386 seconds

=====================
2015-12-06 12:04:06
1 threads
203 trees
12 iterations
8 15 11 1 6 14 3 2 5 5 4 4 3 6 3 8 3 4 4 2 4 3 2 4 3 2 3 4 2 1 2 2 6 8 3 3 2 2 1 2 1 2 4 1 1 2 3 1 3 2 1 1 1 1 1 1 1 1 1 2 1 1 
Time : 1.751986 seconds

=====================
2015-12-06 12:04:09
1 threads
203 trees
12 iterations
6 5 4 2 9 2 6 8 4 1 6 5 4 1 3 9 7 1 3 2 4 1 1 3 7 2 7 4 5 1 1 1 2 1 8 5 1 1 4 1 1 2 3 7 2 1 1 2 2 1 1 1 1 1 5 1 1 1 1 1 1 2 2 2 1 1 1 1 1 1 2 1 1 1 1 
Time : 2.871351 seconds

=====================
2015-12-06 12:04:10
1 threads
203 trees
12 iterations
202 1 
Time : 0.893632 seconds

=====================
2015-12-06 12:04:12
1 threads
203 trees
12 iterations
6 15 6 20 1 3 8 6 1 8 12 2 6 4 3 2 1 6 5 5 1 3 3 6 6 3 2 4 5 2 4 1 4 1 3 2 1 1 1 8 3 2 1 1 3 2 3 1 1 1 2 1 1 
Time : 1.745292 seconds

=====================
2015-12-06 12:04:15
1 threads
203 trees
12 iterations
8 1 1 2 7 12 6 7 3 6 2 2 2 4 4 2 5 5 4 2 2 3 7 4 3 4 1 1 2 3 2 6 4 2 4 1 1 1 4 1 1 3 1 2 3 1 2 3 1 1 1 9 1 1 1 1 1 2 1 1 3 1 1 1 1 1 1 1 2 2 1 1 1 1 1 1 1 1 1 1 1 
Time : 3.095597 seconds

=====================
2015-12-06 12:04:18
1 threads
203 trees
12 iterations
3 1 7 1 1 11 5 2 5 4 1 1 2 5 4 3 3 4 7 1 6 2 1 2 2 3 10 4 1 5 4 3 4 1 3 3 3 5 2 2 1 1 1 1 11 2 4 1 5 1 2 1 2 2 1 1 1 1 1 1 1 1 1 1 1 1 2 2 2 3 1 1 2 2 1 1 1 1 
Time : 2.839848 seconds

=====================
2015-12-06 12:04:21
1 threads
203 trees
12 iterations
3 6 5 4 5 2 10 4 1 4 20 7 7 4 3 5 1 1 3 3 2 11 5 1 8 1 2 6 1 3 4 4 2 2 1 1 1 1 1 1 2 1 2 5 1 3 1 2 1 1 1 1 1 1 1 2 1 1 1 1 1 1 1 1 1 1 1 1 1 1 1 1 2 1 1 1 
Time : 3.025318 seconds

=====================
2015-12-06 12:04:25
1 threads
203 trees
12 iterations
4 3 4 1 2 13 2 2 1 13 8 1 4 1 6 2 1 3 1 6 3 1 5 2 3 1 1 7 4 2 3 3 1 3 1 5 1 1 2 5 2 2 1 3 5 4 1 1 3 1 1 2 2 1 1 2 1 1 1 1 1 2 1 1 2 3 1 1 1 2 1 1 1 2 1 1 1 1 1 1 1 1 1 1 1 1 1 1 1 
Time : 3.473898 seconds

=====================
2015-12-06 12:04:26
1 threads
203 trees
12 iterations
203 
Time : 0.820449 seconds

=====================
2015-12-06 12:04:27
1 threads
203 trees
12 iterations
99 1 47 4 4 1 1 8 10 5 2 7 2 3 2 1 1 1 2 1 1 
Time : 1.342771 seconds

=====================
2015-12-06 12:04:28
2 threads
203 trees
12 iterations
6 6 8 68 1 18 12 1 18 9 6 3 1 6 1 3 5 4 2 1 1 4 2 1 1 1 1 1 2 2 2 3 1 1 1 
Time : 0.844618 seconds

=====================
2015-12-06 12:04:29
2 threads
203 trees
12 iterations
201 2 
Time : 0.356669 seconds

=====================
2015-12-06 12:04:29
2 threads
203 trees
12 iterations
5 20 2 6 5 42 11 29 4 3 8 9 5 10 5 11 2 1 1 1 1 1 1 7 3 1 2 1 1 1 1 1 1 1 
Time : 0.889584 seconds

=====================
2015-12-06 12:04:31
2 threads
203 trees
12 iterations
2 2 3 4 1 10 2 3 4 6 1 3 4 4 6 3 7 11 2 1 4 2 10 1 2 1 1 3 6 6 1 1 2 3 6 2 1 1 2 2 5 2 3 1 2 5 1 2 2 1 1 1 1 4 2 1 2 4 2 2 1 1 1 1 2 2 1 1 1 2 1 1 1 2 1 1 1 1 1 
Time : 1.544785 seconds

=====================
2015-12-06 12:04:32
2 threads
203 trees
12 iterations
197 3 2 1 
Time : 0.413390 seconds

=====================
2015-12-06 12:04:32
2 threads
203 trees
12 iterations
7 16 16 5 35 1 15 22 1 10 5 2 5 5 7 3 24 5 3 1 2 1 6 2 1 1 1 1 
Time : 0.743117 seconds

=====================
2015-12-06 12:04:33
2 threads
203 trees
12 iterations
7 16 16 5 35 1 15 22 1 10 5 2 5 5 7 3 24 5 3 1 2 1 6 2 1 1 1 1 
Time : 0.682226 seconds

=====================
2015-12-06 12:04:34
2 threads
203 trees
12 iterations
2 9 3 2 1 1 3 7 1 10 3 12 6 12 1 4 4 6 5 3 11 10 2 5 2 3 2 5 6 1 3 3 7 1 1 1 1 2 2 4 1 2 5 2 1 1 1 2 1 1 1 1 1 3 1 2 2 1 1 1 1 1 1 1 1 
Time : 1.314848 seconds

=====================
2015-12-06 12:04:36
2 threads
203 trees
12 iterations
6 3 5 3 5 1 2 4 5 4 2 7 1 4 17 13 1 4 1 1 11 8 1 4 3 6 4 2 4 2 1 4 1 1 1 1 4 1 5 1 2 2 1 2 3 2 1 2 1 1 3 1 1 2 1 1 3 1 2 1 1 1 1 1 1 1 1 1 1 1 1 2 1 1 1 
Time : 1.819387 seconds

=====================
2015-12-06 12:04:37
2 threads
203 trees
12 iterations
203 
Time : 0.461106 seconds

=====================
2015-12-06 12:04:38
2 threads
203 trees
12 iterations
8 8 5 36 9 13 4 21 7 13 9 3 19 11 2 1 2 4 2 1 3 2 1 1 2 3 1 5 1 1 2 2 1 
Time : 0.769500 seconds

=====================
2015-12-06 12:04:38
2 threads
203 trees
12 iterations
203 
Time : 0.457753 seconds

=====================
2015-12-06 12:04:39
2 threads
203 trees
12 iterations
203 
Time : 0.382128 seconds

=====================
2015-12-06 12:04:39
2 threads
203 trees
12 iterations
27 2 1 19 33 7 6 16 25 3 4 2 4 10 4 3 3 1 2 11 3 4 3 1 2 1 1 1 1 1 1 1 
Time : 0.795741 seconds

=====================
2015-12-06 12:04:40
2 threads
203 trees
12 iterations
27 2 1 19 33 7 6 16 25 3 4 2 4 10 4 3 3 1 2 11 3 4 3 1 2 1 1 1 1 1 1 1 
Time : 0.749251 seconds

=====================
2015-12-06 12:04:41
4 threads
203 trees
12 iterations
203 
Time : 0.326725 seconds

=====================
2015-12-06 12:04:41
4 threads
203 trees
12 iterations
199 4 
Time : 0.290444 seconds

=====================
2015-12-06 12:04:41
4 threads
203 trees
12 iterations
199 4 
Time : 0.324730 seconds

=====================
2015-12-06 12:04:42
4 threads
203 trees
12 iterations
199 4 
Time : 0.333500 seconds

=====================
2015-12-06 12:04:42
4 threads
203 trees
12 iterations
5 14 3 27 2 7 3 1 20 17 4 1 6 25 2 1 5 2 4 3 1 2 5 3 1 11 1 2 1 3 1 1 1 2 1 1 1 2 1 2 2 1 1 2 1 1 
Time : 0.788421 seconds

=====================
2015-12-06 12:04:43
4 threads
203 trees
12 iterations
5 14 3 27 2 7 3 1 20 17 4 1 6 25 2 1 5 2 4 3 1 2 5 3 1 11 1 2 1 3 1 1 1 2 1 1 1 2 1 2 2 1 1 2 1 1 
Time : 0.878543 seconds

=====================
2015-12-06 12:04:45
4 threads
203 trees
12 iterations
11 7 4 2 9 10 9 2 7 2 1 3 2 3 5 1 5 7 1 1 1 3 1 3 2 2 2 1 2 10 1 2 1 1 2 9 1 2 4 3 1 2 4 1 2 2 1 6 1 1 1 1 1 1 1 1 1 1 1 1 2 2 1 4 1 2 3 1 2 1 2 1 1 1 1 1 1 
Time : 1.340598 seconds

=====================
2015-12-06 12:04:45
4 threads
203 trees
12 iterations
152 28 14 4 2 2 1 
Time : 0.400182 seconds

=====================
2015-12-06 12:04:46
4 threads
203 trees
12 iterations
152 28 14 4 2 2 1 
Time : 0.349012 seconds

=====================
2015-12-06 12:04:46
4 threads
203 trees
12 iterations
117 21 57 2 1 1 1 1 1 1 
Time : 0.573270 seconds

=====================
2015-12-06 12:04:47
4 threads
203 trees
12 iterations
117 21 57 2 1 1 1 1 1 1 
Time : 0.575369 seconds

=====================
2015-12-06 12:04:47
4 threads
203 trees
12 iterations
203 
Time : 0.351413 seconds

=====================
2015-12-06 12:04:48
4 threads
203 trees
12 iterations
203 
Time : 0.401758 seconds

=====================
2015-12-06 12:04:48
4 threads
203 trees
12 iterations
201 2 
Time : 0.301639 seconds

=====================
2015-12-06 12:04:48
4 threads
203 trees
12 iterations
201 2 
Time : 0.295977 seconds

=====================
2015-12-06 12:04:49
8 threads
203 trees
12 iterations
201 2 
Time : 0.343420 seconds

=====================
2015-12-06 12:04:49
8 threads
203 trees
12 iterations
193 5 5 
Time : 0.343360 seconds

=====================
2015-12-06 12:04:49
8 threads
203 trees
12 iterations
193 5 5 
Time : 0.345932 seconds

=====================
2015-12-06 12:04:50
8 threads
203 trees
12 iterations
193 5 5 
Time : 0.303161 seconds

=====================
2015-12-06 12:04:50
8 threads
203 trees
12 iterations
203 
Time : 0.405913 seconds

=====================
2015-12-06 12:04:50
8 threads
203 trees
12 iterations
203 
Time : 0.265282 seconds

=====================
2015-12-06 12:04:51
8 threads
203 trees
12 iterations
203 
Time : 0.252381 seconds

=====================
2015-12-06 12:04:51
8 threads
203 trees
12 iterations
203 
Time : 0.348060 seconds

=====================
2015-12-06 12:04:51
8 threads
203 trees
12 iterations
203 
Time : 0.303793 seconds

=====================
2015-12-06 12:04:52
8 threads
203 trees
12 iterations
203 
Time : 0.355721 seconds

=====================
2015-12-06 12:04:52
8 threads
203 trees
12 iterations
150 15 15 1 10 1 6 1 1 1 1 1 
Time : 0.503763 seconds

=====================
2015-12-06 12:04:53
8 threads
203 trees
12 iterations
150 15 15 1 10 1 6 1 1 1 1 1 
Time : 0.513656 seconds

=====================
2015-12-06 12:04:54
8 threads
203 trees
12 iterations
4 1 6 1 8 15 3 14 1 15 4 20 1 11 8 8 5 3 3 8 1 3 5 2 2 2 2 2 3 1 2 1 1 2 2 3 2 5 1 5 1 1 1 1 5 1 2 1 1 1 1 1 
Time : 0.721900 seconds

=====================
2015-12-06 12:04:54
8 threads
203 trees
12 iterations
5 10 1 9 8 78 2 6 1 49 6 11 11 1 3 2 
Time : 0.429139 seconds

=====================
2015-12-06 12:04:55
8 threads
203 trees
12 iterations
5 10 1 9 8 78 2 6 1 49 6 11 11 1 3 2 
Time : 0.382697 seconds

=====================
