2015-12-06 01:20:08
1 threads
203 trees
12 iterations
1 3 7 1 1 9 7 8 35 3 3 11 10 2 2 1 1 9 6 5 7 4 1 1 2 7 7 1 8 1 3 2 1 2 2 9 2 1 1 1 2 1 2 1 2 1 1 1 1 1 1 1 
Time : 5.728330 seconds

=====================
2015-12-06 01:20:12
1 threads
203 trees
12 iterations
129 5 12 45 1 1 4 1 1 4 
Time : 4.129476 seconds

=====================
2015-12-06 01:20:17
1 threads
203 trees
12 iterations
6 8 76 14 9 8 1 34 2 6 3 6 5 3 3 3 1 1 5 1 5 1 1 1 
Time : 4.628372 seconds

=====================
2015-12-06 01:20:22
1 threads
203 trees
12 iterations
196 2 2 2 1 
Time : 4.114750 seconds

=====================
2015-12-06 01:20:27
1 threads
203 trees
12 iterations
58 49 2 22 3 16 6 2 2 1 2 8 4 13 1 6 1 6 1 
Time : 5.308079 seconds

=====================
2015-12-06 01:20:31
1 threads
203 trees
12 iterations
199 1 1 2 
Time : 3.873759 seconds

=====================
2015-12-06 01:20:35
1 threads
203 trees
12 iterations
203 
Time : 3.958709 seconds

=====================
2015-12-06 01:20:40
1 threads
203 trees
12 iterations
201 2 
Time : 4.330068 seconds

=====================
2015-12-06 01:20:44
1 threads
203 trees
12 iterations
150 3 14 6 15 2 2 7 1 1 2 
Time : 4.779860 seconds

=====================
2015-12-06 01:20:51
1 threads
203 trees
12 iterations
43 19 6 9 12 3 16 11 22 14 2 2 1 3 1 1 6 6 2 1 4 8 2 3 1 1 1 1 1 1 
Time : 6.553401 seconds

=====================
2015-12-06 01:20:55
1 threads
203 trees
12 iterations
203 
Time : 3.766713 seconds

=====================
2015-12-06 01:21:00
1 threads
203 trees
12 iterations
49 51 27 14 2 3 13 9 1 16 5 2 1 7 1 1 1 
Time : 4.598462 seconds

=====================
2015-12-06 01:21:05
1 threads
203 trees
12 iterations
192 6 4 1 
Time : 4.671861 seconds

=====================
2015-12-06 01:21:10
1 threads
203 trees
12 iterations
202 1 
Time : 4.896360 seconds

=====================
2015-12-06 01:21:17
1 threads
203 trees
12 iterations
8 2 9 14 19 8 6 1 5 3 2 1 4 1 4 6 2 3 5 1 2 5 1 3 3 4 6 1 4 1 5 5 1 1 1 2 6 1 6 3 3 2 2 1 1 1 1 1 2 1 3 2 4 1 1 1 1 1 1 1 1 1 1 1 1 1 1 
Time : 6.922674 seconds

=====================
2015-12-06 01:21:21
2 threads
203 trees
12 iterations
3 2 2 2 13 2 5 6 2 4 1 2 4 1 3 2 5 1 2 2 2 2 10 6 1 1 12 7 2 4 3 2 1 3 1 6 1 3 1 6 6 1 4 3 3 1 1 1 1 6 1 1 1 1 1 1 3 1 1 2 1 1 1 1 1 1 1 2 1 1 1 1 1 1 1 1 1 1 1 1 2 1 1 
Time : 4.100233 seconds

=====================
2015-12-06 01:21:24
2 threads
203 trees
12 iterations
181 12 3 7 
Time : 2.910398 seconds

=====================
2015-12-06 01:21:27
2 threads
203 trees
12 iterations
203 
Time : 2.268502 seconds

=====================
2015-12-06 01:21:30
2 threads
203 trees
12 iterations
115 2 4 37 21 1 1 1 4 7 2 7 1 
Time : 3.020598 seconds

=====================
2015-12-06 01:21:34
2 threads
203 trees
12 iterations
9 6 9 3 2 9 17 1 1 2 3 24 8 2 5 27 1 4 7 4 1 2 1 1 7 2 2 2 1 5 5 2 1 2 2 1 1 1 4 3 1 3 2 1 1 1 1 1 1 1 
Time : 3.933615 seconds

=====================
2015-12-06 01:21:37
2 threads
203 trees
12 iterations
203 
Time : 2.780866 seconds

=====================
2015-12-06 01:21:40
2 threads
203 trees
12 iterations
95 17 48 15 8 5 4 1 4 1 3 1 1 
Time : 2.869659 seconds

=====================
2015-12-06 01:21:42
2 threads
203 trees
12 iterations
203 
Time : 2.080051 seconds

=====================
2015-12-06 01:21:45
2 threads
203 trees
12 iterations
136 8 13 25 5 4 2 1 1 2 2 2 1 1 
Time : 2.618494 seconds

=====================
2015-12-06 01:21:48
2 threads
203 trees
12 iterations
201 2 
Time : 2.972132 seconds

=====================
2015-12-06 01:21:52
2 threads
203 trees
12 iterations
17 3 5 4 12 1 4 1 4 3 1 3 5 1 1 8 6 2 1 13 6 1 1 4 2 1 1 3 1 8 1 1 3 3 1 2 1 4 1 6 2 1 3 1 1 1 4 2 3 1 2 1 2 6 1 2 1 3 2 2 1 1 1 1 1 2 1 1 1 1 1 1 1 1 1 
Time : 4.270184 seconds

=====================
2015-12-06 01:21:57
2 threads
203 trees
12 iterations
2 1 14 7 1 5 11 4 13 2 7 1 4 5 11 4 3 2 7 1 3 3 2 4 5 4 1 1 3 1 1 3 3 1 5 1 2 4 2 4 3 3 2 1 3 2 5 1 3 2 1 1 1 1 1 1 3 1 1 1 1 1 1 1 1 1 1 1 
Time : 4.000774 seconds

=====================
2015-12-06 01:22:00
2 threads
203 trees
12 iterations
186 1 4 1 6 1 1 2 1 
Time : 2.821707 seconds

=====================
2015-12-06 01:22:03
2 threads
203 trees
12 iterations
197 1 1 4 
Time : 2.572036 seconds

=====================
2015-12-06 01:22:05
2 threads
203 trees
12 iterations
203 
Time : 2.508683 seconds

=====================
2015-12-06 01:22:08
4 threads
203 trees
12 iterations
28 44 1 3 28 7 1 26 3 4 9 25 5 1 1 2 1 4 1 6 1 1 1 
Time : 2.331827 seconds

=====================
2015-12-06 01:22:10
4 threads
203 trees
12 iterations
38 19 40 29 6 1 13 1 6 10 9 11 1 9 2 2 1 2 1 1 1 
Time : 1.905848 seconds

=====================
2015-12-06 01:22:12
4 threads
203 trees
12 iterations
203 
Time : 1.812486 seconds

=====================
2015-12-06 01:22:14
4 threads
203 trees
12 iterations
200 2 1 
Time : 1.973389 seconds

=====================
2015-12-06 01:22:16
4 threads
203 trees
12 iterations
203 
Time : 1.551965 seconds

=====================
2015-12-06 01:22:18
4 threads
203 trees
12 iterations
4 2 2 1 3 6 35 1 1 1 19 4 8 1 2 14 1 13 3 1 1 1 3 5 1 12 2 6 2 1 1 6 6 1 4 2 1 1 2 1 2 1 2 2 1 1 1 1 2 3 1 1 1 1 1 1 
Time : 2.674589 seconds

=====================
2015-12-06 01:22:21
4 threads
203 trees
12 iterations
200 3 
Time : 2.011231 seconds

=====================
2015-12-06 01:22:24
4 threads
203 trees
12 iterations
3 2 5 4 9 2 1 5 1 1 6 8 2 1 1 4 11 1 5 1 2 7 7 1 2 1 2 1 3 6 1 2 5 2 1 3 8 1 1 3 2 2 2 1 2 2 1 4 1 1 1 3 2 1 1 1 1 2 2 1 3 1 2 1 3 1 1 2 1 1 2 3 4 1 1 1 1 1 1 1 1 1 1 1 1 1 
Time : 2.990966 seconds

=====================
2015-12-06 01:22:27
4 threads
203 trees
12 iterations
1 10 10 1 1 6 8 2 1 2 2 2 1 15 2 3 2 1 4 3 6 2 2 2 1 3 8 4 2 1 2 6 2 1 4 1 1 2 3 1 1 5 3 2 2 1 1 1 2 6 1 1 4 2 5 1 5 1 1 1 1 1 1 3 1 1 1 4 2 1 1 1 1 1 1 1 1 1 1 1 
Time : 2.786110 seconds

=====================
2015-12-06 01:22:30
4 threads
203 trees
12 iterations
32 56 28 10 15 1 20 1 1 1 1 3 1 1 3 2 1 1 1 2 1 1 1 2 3 1 1 1 1 3 1 2 1 1 1 1 
Time : 2.622440 seconds

=====================
2015-12-06 01:22:32
4 threads
203 trees
12 iterations
126 24 1 10 6 11 1 3 4 7 1 2 1 2 1 1 1 1 
Time : 1.908918 seconds

=====================
2015-12-06 01:22:34
4 threads
203 trees
12 iterations
203 
Time : 1.728285 seconds

=====================
2015-12-06 01:22:35
4 threads
203 trees
12 iterations
13 18 8 38 12 8 5 22 45 2 4 1 2 5 2 3 3 4 1 2 1 1 1 1 1 
Time : 1.703180 seconds

=====================
2015-12-06 01:22:38
4 threads
203 trees
12 iterations
2 8 3 4 4 7 10 4 3 4 4 2 9 3 1 3 1 1 14 6 3 2 1 6 4 3 3 3 1 5 3 3 2 2 3 1 1 1 11 2 1 1 1 1 2 1 1 2 4 3 2 2 1 1 1 1 1 4 2 4 3 2 1 1 1 2 1 1 1 1 
Time : 2.790288 seconds

=====================
2015-12-06 01:22:41
4 threads
203 trees
12 iterations
18 7 1 14 5 4 2 9 3 10 2 8 9 29 39 3 3 4 1 1 2 2 4 5 1 3 2 3 2 1 1 3 1 1 
Time : 2.533992 seconds

=====================
2015-12-06 01:22:43
8 threads
203 trees
12 iterations
20 162 6 1 1 3 3 1 6 
Time : 1.823348 seconds

=====================
2015-12-06 01:22:46
8 threads
203 trees
12 iterations
4 2 2 2 1 3 4 4 1 1 2 27 1 1 4 3 3 1 4 1 3 2 1 1 2 7 12 1 2 1 1 1 3 1 2 1 4 1 2 1 3 1 6 1 2 4 2 7 1 1 3 3 4 2 1 1 3 2 1 3 1 3 1 2 1 1 1 2 1 2 2 1 1 1 1 1 1 2 1 1 1 1 1 1 1 
Time : 2.500762 seconds

=====================
2015-12-06 01:22:48
8 threads
203 trees
12 iterations
203 
Time : 1.475958 seconds

=====================
2015-12-06 01:22:50
8 threads
203 trees
12 iterations
39 13 11 32 3 15 15 6 5 3 2 3 1 9 8 1 2 1 1 9 1 2 4 4 2 1 1 1 1 1 2 1 1 1 1 
Time : 1.954532 seconds

=====================
2015-12-06 01:22:52
8 threads
203 trees
12 iterations
203 
Time : 1.484646 seconds

=====================
2015-12-06 01:22:53
8 threads
203 trees
12 iterations
203 
Time : 1.358252 seconds

=====================
2015-12-06 01:22:55
8 threads
203 trees
12 iterations
9 36 9 26 2 19 32 7 4 4 1 6 4 3 10 2 1 5 1 1 2 2 3 1 1 8 1 1 1 1 
Time : 1.944200 seconds

=====================
2015-12-06 01:22:57
8 threads
203 trees
12 iterations
203 
Time : 1.595732 seconds

=====================
2015-12-06 01:22:59
8 threads
203 trees
12 iterations
8 2 1 18 16 2 1 1 2 3 10 1 1 1 7 6 3 3 10 2 2 1 3 2 1 4 4 2 1 3 2 2 1 6 1 1 4 1 1 3 3 2 1 1 1 12 4 1 3 2 3 1 1 1 1 2 1 1 1 4 1 3 1 2 1 1 1 1 1 1 1 
Time : 2.472800 seconds

=====================
2015-12-06 01:23:02
8 threads
203 trees
12 iterations
24 10 6 1 1 1 7 6 10 5 3 1 1 1 2 13 2 10 1 8 2 4 1 4 5 1 9 4 3 1 8 2 2 1 1 5 3 2 4 1 3 2 1 4 1 3 1 1 5 1 1 1 1 1 1 
Time : 2.164745 seconds

=====================
2015-12-06 01:23:04
8 threads
203 trees
12 iterations
200 1 1 1 
Time : 1.977831 seconds

=====================
2015-12-06 01:23:06
8 threads
203 trees
12 iterations
181 11 1 1 1 6 1 1 
Time : 1.539208 seconds

=====================
2015-12-06 01:23:08
8 threads
203 trees
12 iterations
91 42 5 37 5 4 3 2 5 1 2 3 2 1 
Time : 1.664410 seconds

=====================
2015-12-06 01:23:09
8 threads
203 trees
12 iterations
203 
Time : 1.552141 seconds

=====================
2015-12-06 01:23:12
8 threads
203 trees
12 iterations
8 68 4 6 17 8 5 7 10 1 1 1 3 1 4 2 7 2 2 1 5 1 2 2 4 2 3 1 1 3 2 2 2 1 1 1 1 1 1 2 1 2 1 1 1 1 
Time : 2.107268 seconds

=====================
