2015-12-06 04:30:25
1 threads
225 trees
10 iterations
13.877684 1.000000
7 36 95 6 30 29 4 2 1 1 1 2 1 5 1 1 1 1 1 
Time : 1.314541 seconds

=====================
2015-12-06 04:30:26
1 threads
225 trees
10 iterations
5.888192 1.000000
225 
Time : 1.153998 seconds

=====================
2015-12-06 04:30:27
1 threads
225 trees
10 iterations
15.793334 1.000000
54 17 5 12 7 3 5 1 29 6 3 1 5 1 1 4 11 10 2 4 1 3 4 5 1 2 2 3 1 1 1 1 2 1 2 1 1 4 1 2 1 1 1 1 1 
Time : 1.416230 seconds

=====================
2015-12-06 04:30:29
1 threads
225 trees
10 iterations
16.797839 1.000000
2 3 3 2 1 11 9 8 10 18 11 8 6 9 2 11 1 4 7 1 1 3 1 4 4 4 1 5 1 14 2 4 2 3 7 4 6 2 1 1 1 2 1 1 3 1 2 1 1 4 2 1 1 1 1 1 1 1 1 1 
Time : 1.379531 seconds

=====================
2015-12-06 04:30:30
1 threads
225 trees
10 iterations
12.323297 1.000000
3 175 7 6 2 2 7 2 2 7 1 4 1 1 1 3 1 
Time : 1.370860 seconds

=====================
2015-12-06 04:30:32
1 threads
225 trees
10 iterations
16.225733 1.000000
6 15 3 22 3 29 3 1 16 3 28 12 5 1 3 2 6 1 2 3 1 1 3 4 2 3 1 2 4 6 1 1 1 2 2 2 3 1 2 3 2 1 4 2 1 1 1 1 1 1 1 
Time : 1.371527 seconds

=====================
2015-12-06 04:30:33
1 threads
225 trees
10 iterations
15.885987 1.000000
4 22 14 5 1 12 1 18 3 33 8 10 5 6 4 1 3 4 4 1 5 14 1 1 6 1 5 7 1 1 1 1 1 4 1 1 5 1 1 1 1 1 1 1 1 1 1 
Time : 1.293162 seconds

=====================
2015-12-06 04:30:34
1 threads
225 trees
10 iterations
13.701240 1.000000
1 52 45 20 5 14 3 2 15 17 13 12 1 2 1 2 4 2 1 2 1 3 1 1 2 2 1 
Time : 1.307097 seconds

=====================
2015-12-06 04:30:35
1 threads
225 trees
10 iterations
9.132081 1.000000
225 
Time : 1.171366 seconds

=====================
2015-12-06 04:30:37
1 threads
225 trees
10 iterations
18.961135 1.000000
8 2 12 3 7 3 5 5 4 7 1 5 3 8 1 21 2 1 4 2 8 3 1 1 5 1 1 14 4 1 3 3 1 1 1 3 1 1 6 5 12 7 2 2 1 1 1 1 1 1 1 2 2 2 1 1 1 1 1 1 1 1 1 1 1 1 1 2 1 1 1 1 1 1 
Time : 1.404114 seconds

=====================
2015-12-06 04:30:38
1 threads
225 trees
10 iterations
9.601011 1.000000
215 5 5 
Time : 1.063260 seconds

=====================
2015-12-06 04:30:39
1 threads
225 trees
10 iterations
12.503561 1.000000
66 52 10 39 28 13 6 3 2 2 1 3 
Time : 1.113166 seconds

=====================
2015-12-06 04:30:40
1 threads
225 trees
10 iterations
11.377896 1.000000
224 1 
Time : 1.123183 seconds

=====================
2015-12-06 04:30:42
1 threads
225 trees
10 iterations
14.296193 1.000000
101 4 16 17 4 2 1 1 6 7 16 1 2 2 8 2 9 4 8 6 2 1 1 1 1 2 
Time : 1.386335 seconds

=====================
2015-12-06 04:30:43
1 threads
225 trees
10 iterations
7.526185 1.000000
225 
Time : 1.015166 seconds

=====================
2015-12-06 04:30:44
2 threads
225 trees
10 iterations
5.449261 1.000000
225 
Time : 0.793113 seconds

=====================
2015-12-06 04:30:45
2 threads
225 trees
10 iterations
18.752768 1.000000
5 24 3 1 7 3 6 1 10 3 5 2 5 1 2 2 1 8 4 3 5 15 11 2 2 3 5 3 1 2 2 3 1 1 1 1 5 1 2 3 1 3 2 1 2 4 4 2 3 1 3 2 1 1 1 1 1 2 1 1 1 1 1 2 1 2 1 1 1 2 1 1 1 1 1 1 1 1 1 1 
Time : 1.093345 seconds

=====================
2015-12-06 04:30:46
2 threads
225 trees
10 iterations
20.333331 1.000000
2 2 2 4 2 5 9 4 4 11 3 5 1 5 4 4 8 1 7 3 6 2 4 4 2 3 2 2 5 1 1 3 1 2 3 3 6 4 1 2 1 1 3 2 1 1 3 1 1 1 2 2 1 1 1 2 5 2 1 3 1 2 1 3 1 2 3 2 1 1 1 1 1 2 1 1 1 1 1 1 1 1 1 1 1 1 1 1 2 1 1 2 1 1 1 1 1 
Time : 1.201943 seconds

=====================
2015-12-06 04:30:47
2 threads
225 trees
10 iterations
19.599336 1.000000
1 6 12 2 8 26 3 5 9 2 4 2 1 9 1 4 5 3 3 1 2 1 1 6 5 2 1 1 3 1 1 3 5 1 3 5 3 1 2 1 4 4 1 1 1 6 1 1 2 4 3 2 1 3 1 1 1 1 3 1 4 1 4 1 1 1 2 1 2 1 1 2 1 1 1 1 1 1 1 
Time : 1.031815 seconds

=====================
2015-12-06 04:30:48
2 threads
225 trees
10 iterations
16.548557 1.000000
10 1 15 18 20 19 3 1 1 4 2 18 3 1 3 2 11 3 7 9 5 3 5 1 8 5 2 1 2 1 4 3 1 3 1 2 3 2 1 2 1 1 1 2 1 1 1 1 1 1 2 2 1 1 2 
Time : 0.984925 seconds

=====================
2015-12-06 04:30:49
2 threads
225 trees
10 iterations
10.902164 1.000000
175 47 1 2 
Time : 0.893400 seconds

=====================
2015-12-06 04:30:50
2 threads
225 trees
10 iterations
18.655217 1.000000
6 8 6 1 4 8 2 1 11 11 1 6 1 1 3 4 5 1 9 2 5 1 3 1 1 8 7 8 12 1 5 3 1 1 6 1 3 1 2 2 1 3 3 1 1 1 1 1 5 3 3 3 1 1 2 3 2 1 1 1 1 2 4 1 1 1 2 1 1 1 1 1 1 1 1 1 1 1 1 
Time : 1.148292 seconds

=====================
2015-12-06 04:30:51
2 threads
225 trees
10 iterations
15.420507 1.000000
26 17 6 12 10 27 4 1 10 4 5 3 11 14 7 5 1 2 9 11 3 1 4 1 2 1 2 1 3 1 4 1 2 1 1 2 1 1 3 1 1 1 1 1 
Time : 0.877303 seconds

=====================
2015-12-06 04:30:52
2 threads
225 trees
10 iterations
14.105482 1.000000
35 29 51 14 1 3 11 11 5 15 3 5 2 4 3 1 4 4 1 1 1 3 1 2 1 2 1 4 2 1 1 1 1 1 
Time : 0.709332 seconds

=====================
2015-12-06 04:30:53
2 threads
225 trees
10 iterations
19.302047 1.000000
2 2 7 3 13 3 5 4 2 1 7 1 2 1 2 3 6 2 4 4 1 2 6 3 8 12 11 3 1 6 2 8 2 1 2 1 1 1 6 3 2 2 1 3 1 6 2 3 2 2 5 3 2 1 2 1 1 1 2 1 1 1 1 3 1 2 1 1 2 2 1 1 1 1 1 1 1 1 1 1 1 1 1 
Time : 1.182469 seconds

=====================
2015-12-06 04:30:54
2 threads
225 trees
10 iterations
10.821843 1.000000
199 1 2 21 1 1 
Time : 0.893903 seconds

=====================
2015-12-06 04:30:55
2 threads
225 trees
10 iterations
10.536570 1.000000
223 2 
Time : 0.824940 seconds

=====================
2015-12-06 04:30:56
2 threads
225 trees
10 iterations
6.554327 1.000000
225 
Time : 0.706414 seconds

=====================
2015-12-06 04:30:57
2 threads
225 trees
10 iterations
19.481398 1.000000
1 17 3 5 1 6 2 1 6 3 3 2 4 5 1 1 4 4 11 5 16 7 11 4 3 2 4 2 1 3 4 1 3 2 3 3 1 1 1 4 4 1 2 2 5 2 1 1 1 4 1 2 2 1 1 3 1 1 1 3 1 1 2 4 1 1 2 2 1 1 1 1 1 1 1 1 1 1 1 
Time : 0.990347 seconds

=====================
2015-12-06 04:30:58
2 threads
225 trees
10 iterations
18.353494 1.000000
8 22 6 2 17 3 2 5 9 4 2 1 4 12 4 2 1 1 18 2 2 1 2 6 2 1 1 1 1 1 1 4 4 6 2 4 1 1 2 5 2 3 2 1 1 1 1 1 1 3 1 1 1 1 1 1 1 2 1 1 1 1 1 1 2 1 1 3 1 1 1 1 1 1 1 1 1 1 1 1 2 
Time : 1.264408 seconds

=====================
2015-12-06 04:30:59
4 threads
225 trees
10 iterations
4.010725 1.000000
225 
Time : 0.440129 seconds

=====================
2015-12-06 04:30:59
4 threads
225 trees
10 iterations
11.796593 1.000000
26 123 58 3 4 6 3 1 1 
Time : 0.459126 seconds

=====================
2015-12-06 04:31:00
4 threads
225 trees
10 iterations
11.796593 1.000000
26 123 58 3 4 6 3 1 1 
Time : 0.470465 seconds

=====================
2015-12-06 04:31:00
4 threads
225 trees
10 iterations
18.961124 1.000000
3 1 9 8 2 4 1 16 7 5 13 2 2 1 7 1 15 7 5 2 2 1 4 1 2 2 4 7 1 4 2 1 1 4 2 2 1 1 1 2 4 1 2 1 1 3 2 4 2 2 1 3 2 1 1 2 1 1 2 3 1 2 5 2 3 2 2 1 1 1 1 1 1 1 1 1 1 2 1 
Time : 0.565163 seconds

=====================
2015-12-06 04:31:01
4 threads
225 trees
10 iterations
18.961124 1.000000
3 1 9 8 2 4 1 16 7 5 13 2 2 1 7 1 15 7 5 2 2 1 4 1 2 2 4 7 1 4 2 1 1 4 2 2 1 1 1 2 4 1 2 1 1 3 2 4 2 2 1 3 2 1 1 2 1 1 2 3 1 2 5 2 3 2 2 1 1 1 1 1 1 1 1 1 1 2 1 
Time : 0.545856 seconds

=====================
2015-12-06 04:31:01
4 threads
225 trees
10 iterations
12.146682 1.000000
110 4 18 5 2 28 7 21 7 1 2 3 10 1 3 1 2 
Time : 0.457197 seconds

=====================
2015-12-06 04:31:02
4 threads
225 trees
10 iterations
12.146682 1.000000
110 4 18 5 2 28 7 21 7 1 2 3 10 1 3 1 2 
Time : 0.431664 seconds

=====================
2015-12-06 04:31:02
4 threads
225 trees
10 iterations
12.304041 1.000000
185 6 2 10 1 5 1 5 2 1 1 2 3 1 
Time : 0.395802 seconds

=====================
2015-12-06 04:31:03
4 threads
225 trees
10 iterations
12.304041 1.000000
185 6 2 10 1 5 1 5 2 1 1 2 3 1 
Time : 0.403360 seconds

=====================
2015-12-06 04:31:03
4 threads
225 trees
10 iterations
4.321279 1.000000
225 
Time : 0.381419 seconds

=====================
2015-12-06 04:31:04
4 threads
225 trees
10 iterations
4.321279 1.000000
225 
Time : 0.389312 seconds

=====================
2015-12-06 04:31:04
4 threads
225 trees
10 iterations
12.521515 1.000000
183 3 2 3 9 6 2 7 4 1 2 1 1 1 
Time : 0.455953 seconds

=====================
2015-12-06 04:31:05
4 threads
225 trees
10 iterations
12.521515 1.000000
183 3 2 3 9 6 2 7 4 1 2 1 1 1 
Time : 0.458895 seconds

=====================
2015-12-06 04:31:05
4 threads
225 trees
10 iterations
17.529173 1.000000
9 4 14 10 4 6 12 2 6 3 1 8 6 3 4 8 6 11 3 14 3 2 1 1 8 2 1 1 3 1 3 1 6 4 1 1 2 1 6 5 3 3 1 1 1 1 1 4 2 1 2 1 1 2 1 3 4 1 1 1 1 1 1 
Time : 0.547005 seconds

=====================
2015-12-06 04:31:06
4 threads
225 trees
10 iterations
17.529173 1.000000
9 4 14 10 4 6 12 2 6 3 1 8 6 3 4 8 6 11 3 14 3 2 1 1 8 2 1 1 3 1 3 1 6 4 1 1 2 1 6 5 3 3 1 1 1 1 1 4 2 1 2 1 1 2 1 3 4 1 1 1 1 1 1 
Time : 0.570162 seconds

=====================
2015-12-06 04:31:06
8 threads
225 trees
10 iterations
4.290931 1.000000
225 
Time : 0.274252 seconds

=====================
2015-12-06 04:31:06
8 threads
225 trees
10 iterations
4.290931 1.000000
225 
Time : 0.282362 seconds

=====================
2015-12-06 04:31:07
8 threads
225 trees
10 iterations
4.290931 1.000000
225 
Time : 0.263574 seconds

=====================
2015-12-06 04:31:07
8 threads
225 trees
10 iterations
18.568669 1.000000
11 4 1 1 19 7 2 8 1 2 3 1 24 1 2 1 2 6 2 9 3 2 7 4 12 1 3 1 2 1 2 1 2 2 1 3 4 1 2 1 3 3 4 6 1 2 1 1 4 4 1 1 4 1 4 2 1 2 1 2 2 2 1 3 1 1 1 1 1 1 1 
Time : 0.347766 seconds

=====================
2015-12-06 04:31:08
8 threads
225 trees
10 iterations
18.568669 1.000000
11 4 1 1 19 7 2 8 1 2 3 1 24 1 2 1 2 6 2 9 3 2 7 4 12 1 3 1 2 1 2 1 2 2 1 3 4 1 2 1 3 3 4 6 1 2 1 1 4 4 1 1 4 1 4 2 1 2 1 2 2 2 1 3 1 1 1 1 1 1 1 
Time : 0.333312 seconds

=====================
2015-12-06 04:31:08
8 threads
225 trees
10 iterations
13.590634 1.000000
7 6 10 80 3 9 5 21 4 27 6 3 8 4 1 1 10 1 3 5 4 1 1 1 1 1 1 1 
Time : 0.301401 seconds

=====================
2015-12-06 04:31:08
8 threads
225 trees
10 iterations
13.590634 1.000000
7 6 10 80 3 9 5 21 4 27 6 3 8 4 1 1 10 1 3 5 4 1 1 1 1 1 1 1 
Time : 0.289366 seconds

=====================
2015-12-06 04:31:09
8 threads
225 trees
10 iterations
13.590634 1.000000
7 6 10 80 3 9 5 21 4 27 6 3 8 4 1 1 10 1 3 5 4 1 1 1 1 1 1 1 
Time : 0.317829 seconds

=====================
2015-12-06 04:31:09
8 threads
225 trees
10 iterations
14.808124 1.000000
14 33 8 9 38 8 24 6 2 2 5 6 1 1 4 7 4 8 15 1 1 1 1 1 5 5 1 3 3 1 2 2 1 2 
Time : 0.270328 seconds

=====================
2015-12-06 04:31:09
8 threads
225 trees
10 iterations
14.808124 1.000000
14 33 8 9 38 8 24 6 2 2 5 6 1 1 4 7 4 8 15 1 1 1 1 1 5 5 1 3 3 1 2 2 1 2 
Time : 0.261729 seconds

=====================
2015-12-06 04:31:10
8 threads
225 trees
10 iterations
14.808124 1.000000
14 33 8 9 38 8 24 6 2 2 5 6 1 1 4 7 4 8 15 1 1 1 1 1 5 5 1 3 3 1 2 2 1 2 
Time : 0.266841 seconds

=====================
2015-12-06 04:31:10
8 threads
225 trees
10 iterations
11.370953 1.000000
202 6 1 11 3 2 
Time : 0.291749 seconds

=====================
2015-12-06 04:31:10
8 threads
225 trees
10 iterations
11.370953 1.000000
202 6 1 11 3 2 
Time : 0.289872 seconds

=====================
2015-12-06 04:31:11
8 threads
225 trees
10 iterations
11.370953 1.000000
202 6 1 11 3 2 
Time : 0.300029 seconds

=====================
2015-12-06 04:31:11
8 threads
225 trees
10 iterations
16.901565 1.000000
7 6 36 4 6 9 3 15 4 4 3 1 2 21 3 1 1 2 2 10 4 2 3 1 7 2 1 2 1 8 2 6 4 1 1 4 1 1 1 3 3 1 1 1 1 4 2 1 3 2 1 2 1 1 2 1 2 1 
Time : 0.285670 seconds

=====================
2015-12-06 04:31:11
16 threads
225 trees
10 iterations
16.901565 1.000000
7 6 36 4 6 9 3 15 4 4 3 1 2 21 3 1 1 2 2 10 4 2 3 1 7 2 1 2 1 8 2 6 4 1 1 4 1 1 1 3 3 1 1 1 1 4 2 1 3 2 1 2 1 1 2 1 2 1 
Time : 0.181607 seconds

=====================
2015-12-06 04:31:11
16 threads
225 trees
10 iterations
16.901565 1.000000
7 6 36 4 6 9 3 15 4 4 3 1 2 21 3 1 1 2 2 10 4 2 3 1 7 2 1 2 1 8 2 6 4 1 1 4 1 1 1 3 3 1 1 1 1 4 2 1 3 2 1 2 1 1 2 1 2 1 
Time : 0.180469 seconds

=====================
2015-12-06 04:31:12
16 threads
225 trees
10 iterations
16.901565 1.000000
7 6 36 4 6 9 3 15 4 4 3 1 2 21 3 1 1 2 2 10 4 2 3 1 7 2 1 2 1 8 2 6 4 1 1 4 1 1 1 3 3 1 1 1 1 4 2 1 3 2 1 2 1 1 2 1 2 1 
Time : 0.169967 seconds

=====================
2015-12-06 04:31:12
16 threads
225 trees
10 iterations
8.903175 1.000000
224 1 
Time : 0.151735 seconds

=====================
2015-12-06 04:31:12
16 threads
225 trees
10 iterations
8.903175 1.000000
224 1 
Time : 0.148649 seconds

=====================
2015-12-06 04:31:12
16 threads
225 trees
10 iterations
8.903175 1.000000
224 1 
Time : 0.150190 seconds

=====================
2015-12-06 04:31:12
16 threads
225 trees
10 iterations
8.903175 1.000000
224 1 
Time : 0.150172 seconds

=====================
2015-12-06 04:31:12
16 threads
225 trees
10 iterations
8.903175 1.000000
224 1 
Time : 0.144918 seconds

=====================
2015-12-06 04:31:13
16 threads
225 trees
10 iterations
4.281248 1.000000
225 
Time : 0.140790 seconds

=====================
2015-12-06 04:31:13
16 threads
225 trees
10 iterations
4.281248 1.000000
225 
Time : 0.156738 seconds

=====================
2015-12-06 04:31:13
16 threads
225 trees
10 iterations
4.281248 1.000000
225 
Time : 0.147064 seconds

=====================
2015-12-06 04:31:13
16 threads
225 trees
10 iterations
4.281248 1.000000
225 
Time : 0.155330 seconds

=====================
2015-12-06 04:31:13
16 threads
225 trees
10 iterations
4.281248 1.000000
225 
Time : 0.160971 seconds

=====================
2015-12-06 04:31:14
16 threads
225 trees
10 iterations
4.281248 1.000000
225 
Time : 0.160144 seconds

=====================
2015-12-06 04:31:14
16 threads
225 trees
10 iterations
9.917964 1.000000
222 2 1 
Time : 0.122378 seconds

=====================
2015-12-06 04:31:14
32 threads
225 trees
10 iterations
9.917964 1.000000
222 2 1 
Time : 0.101611 seconds

=====================
2015-12-06 04:31:14
32 threads
225 trees
10 iterations
9.917964 1.000000
222 2 1 
Time : 0.095059 seconds

=====================
2015-12-06 04:31:14
32 threads
225 trees
10 iterations
9.917964 1.000000
222 2 1 
Time : 0.098285 seconds

=====================
2015-12-06 04:31:14
32 threads
225 trees
10 iterations
9.917964 1.000000
222 2 1 
Time : 0.095180 seconds

=====================
2015-12-06 04:31:14
32 threads
225 trees
10 iterations
9.917964 1.000000
222 2 1 
Time : 0.094079 seconds

=====================
2015-12-06 04:31:15
32 threads
225 trees
10 iterations
9.917964 1.000000
222 2 1 
Time : 0.086668 seconds

=====================
2015-12-06 04:31:15
32 threads
225 trees
10 iterations
16.677387 1.000000
3 8 7 1 17 13 16 2 12 26 2 13 2 3 1 12 4 2 5 4 8 2 3 1 10 3 4 1 2 4 2 3 5 1 2 5 1 1 2 2 1 1 1 1 1 1 1 1 1 1 
Time : 0.121583 seconds

=====================
2015-12-06 04:31:15
32 threads
225 trees
10 iterations
16.677387 1.000000
3 8 7 1 17 13 16 2 12 26 2 13 2 3 1 12 4 2 5 4 8 2 3 1 10 3 4 1 2 4 2 3 5 1 2 5 1 1 2 2 1 1 1 1 1 1 1 1 1 1 
Time : 0.115960 seconds

=====================
2015-12-06 04:31:15
32 threads
225 trees
10 iterations
16.677387 1.000000
3 8 7 1 17 13 16 2 12 26 2 13 2 3 1 12 4 2 5 4 8 2 3 1 10 3 4 1 2 4 2 3 5 1 2 5 1 1 2 2 1 1 1 1 1 1 1 1 1 1 
Time : 0.120492 seconds

=====================
2015-12-06 04:31:15
32 threads
225 trees
10 iterations
16.677387 1.000000
3 8 7 1 17 13 16 2 12 26 2 13 2 3 1 12 4 2 5 4 8 2 3 1 10 3 4 1 2 4 2 3 5 1 2 5 1 1 2 2 1 1 1 1 1 1 1 1 1 1 
Time : 0.122019 seconds

=====================
2015-12-06 04:31:15
32 threads
225 trees
10 iterations
16.677387 1.000000
3 8 7 1 17 13 16 2 12 26 2 13 2 3 1 12 4 2 5 4 8 2 3 1 10 3 4 1 2 4 2 3 5 1 2 5 1 1 2 2 1 1 1 1 1 1 1 1 1 1 
Time : 0.120726 seconds

=====================
2015-12-06 04:31:16
32 threads
225 trees
10 iterations
16.677387 1.000000
3 8 7 1 17 13 16 2 12 26 2 13 2 3 1 12 4 2 5 4 8 2 3 1 10 3 4 1 2 4 2 3 5 1 2 5 1 1 2 2 1 1 1 1 1 1 1 1 1 1 
Time : 0.114561 seconds

=====================
2015-12-06 04:31:16
32 threads
225 trees
10 iterations
7.293554 1.000000
225 
Time : 0.093473 seconds

=====================
2015-12-06 04:31:16
32 threads
225 trees
10 iterations
7.293554 1.000000
225 
Time : 0.101733 seconds

=====================
2015-12-06 04:31:16
32 threads
225 trees
10 iterations
7.293554 1.000000
225 
Time : 0.097902 seconds

=====================
