2015-12-06 04:29:30
1 threads
225 trees
10 iterations
9.366453 1.000000
222 3 
Time : 0.933485 seconds

=====================
2015-12-06 04:29:31
1 threads
225 trees
10 iterations
14.658518 1.000000
18 89 37 9 4 4 2 2 4 4 4 6 1 1 10 5 2 6 2 3 1 1 2 1 1 1 1 1 1 1 1 
Time : 1.049183 seconds

=====================
2015-12-06 04:29:32
1 threads
225 trees
10 iterations
12.048546 1.000000
163 6 12 2 32 1 1 1 5 2 
Time : 1.027194 seconds

=====================
2015-12-06 04:29:33
1 threads
225 trees
10 iterations
13.712970 1.000000
142 29 2 2 7 2 1 2 4 3 2 3 3 7 1 2 4 1 1 2 3 1 1 
Time : 1.232955 seconds

=====================
2015-12-06 04:29:34
1 threads
225 trees
10 iterations
9.148888 1.000000
221 4 
Time : 1.009735 seconds

=====================
2015-12-06 04:29:36
1 threads
225 trees
10 iterations
19.389203 1.000000
6 9 2 2 1 2 5 1 2 7 16 2 5 3 3 17 2 7 2 6 3 2 5 3 2 2 3 1 1 3 2 9 1 2 1 12 6 3 1 4 2 2 2 1 2 3 2 1 1 1 1 1 1 1 1 5 1 2 1 1 2 1 1 2 2 3 1 1 1 1 1 1 1 1 1 1 1 1 1 1 1 1 
Time : 1.643716 seconds

=====================
2015-12-06 04:29:37
1 threads
225 trees
10 iterations
9.267014 1.000000
225 
Time : 1.243775 seconds

=====================
2015-12-06 04:29:38
1 threads
225 trees
10 iterations
14.216362 1.000000
1 13 30 3 1 7 1 51 50 9 6 3 5 13 6 2 3 2 2 1 1 1 4 2 3 1 1 1 2 
Time : 1.181596 seconds

=====================
2015-12-06 04:29:39
1 threads
225 trees
10 iterations
12.493239 1.000000
108 84 3 6 10 4 3 1 3 1 1 1 
Time : 1.152837 seconds

=====================
2015-12-06 04:29:40
1 threads
225 trees
10 iterations
8.979114 1.000000
225 
Time : 0.905329 seconds

=====================
2015-12-06 04:29:41
1 threads
225 trees
10 iterations
8.979114 1.000000
225 
Time : 0.986397 seconds

=====================
2015-12-06 04:29:43
1 threads
225 trees
10 iterations
9.284511 1.000000
225 
Time : 1.081801 seconds

=====================
2015-12-06 04:29:44
1 threads
225 trees
10 iterations
15.883193 1.000000
20 6 4 14 1 11 36 8 14 3 7 6 9 1 12 5 1 1 1 14 1 3 2 2 1 5 3 2 2 1 4 1 1 1 1 1 1 5 2 1 1 2 2 1 1 2 1 1 
Time : 1.545051 seconds

=====================
2015-12-06 04:29:45
1 threads
225 trees
10 iterations
5.372620 1.000000
225 
Time : 0.977153 seconds

=====================
2015-12-06 04:29:46
1 threads
225 trees
10 iterations
9.957990 1.000000
211 13 1 
Time : 1.039269 seconds

=====================
2015-12-06 04:29:47
2 threads
225 trees
10 iterations
6.215701 1.000000
225 
Time : 1.039650 seconds

=====================
2015-12-06 04:29:49
2 threads
225 trees
10 iterations
16.817185 1.000000
3 15 1 13 10 8 3 3 9 1 5 4 2 18 17 2 7 4 9 8 4 1 2 2 7 1 11 2 1 8 2 1 1 4 8 1 2 6 1 1 1 2 1 4 2 1 1 1 1 1 1 1 
Time : 1.135975 seconds

=====================
2015-12-06 04:29:50
2 threads
225 trees
10 iterations
4.405142 1.000000
225 
Time : 0.952178 seconds

=====================
2015-12-06 04:29:51
2 threads
225 trees
10 iterations
9.215838 1.000000
216 8 1 
Time : 0.954040 seconds

=====================
2015-12-06 04:29:52
2 threads
225 trees
10 iterations
5.201250 1.000000
225 
Time : 0.776733 seconds

=====================
2015-12-06 04:29:53
2 threads
225 trees
10 iterations
15.657661 1.000000
43 6 7 12 23 24 3 10 15 1 5 3 7 13 1 6 4 5 1 2 3 1 6 2 1 1 1 1 2 1 1 7 1 1 2 1 1 1 
Time : 0.983644 seconds

=====================
2015-12-06 04:29:54
2 threads
225 trees
10 iterations
9.918944 1.000000
221 4 
Time : 0.973772 seconds

=====================
2015-12-06 04:29:55
2 threads
225 trees
10 iterations
13.637817 1.000000
52 23 5 67 5 6 6 11 1 4 2 8 1 1 7 1 2 2 2 1 3 2 2 3 2 1 1 2 1 1 
Time : 1.020339 seconds

=====================
2015-12-06 04:29:55
2 threads
225 trees
10 iterations
11.121350 1.000000
218 1 1 1 2 2 
Time : 0.707487 seconds

=====================
2015-12-06 04:29:57
2 threads
225 trees
10 iterations
11.121350 1.000000
218 1 1 1 2 2 
Time : 1.066308 seconds

=====================
2015-12-06 04:29:58
2 threads
225 trees
10 iterations
18.279088 1.000000
7 12 4 1 4 5 2 1 1 24 5 5 7 8 2 3 4 2 2 1 4 9 3 2 1 5 11 4 14 7 4 3 1 1 3 2 1 1 1 1 4 3 1 1 7 3 1 1 1 3 1 3 3 1 4 1 1 2 1 1 1 1 1 1 
Time : 1.205085 seconds

=====================
2015-12-06 04:29:59
2 threads
225 trees
10 iterations
7.986271 1.000000
219 6 
Time : 0.804407 seconds

=====================
2015-12-06 04:30:00
2 threads
225 trees
10 iterations
20.092890 1.000000
2 3 2 1 4 4 2 6 11 2 1 5 7 1 2 16 4 9 4 1 3 6 2 5 1 2 3 2 2 1 1 4 4 1 2 1 3 3 6 1 1 2 3 1 1 2 1 1 2 8 1 3 1 3 2 5 1 1 1 2 2 2 1 1 1 1 1 1 1 1 1 1 2 1 1 1 1 1 1 1 1 1 1 2 1 1 1 1 1 1 1 2 1 1 1 1 1 1 
Time : 1.102293 seconds

=====================
2015-12-06 04:30:01
2 threads
225 trees
10 iterations
19.452104 1.000000
1 4 13 1 10 4 6 3 2 5 1 4 1 8 7 1 2 2 7 5 1 5 2 4 3 4 4 3 1 3 3 5 4 3 1 3 1 5 2 7 1 5 2 3 4 3 3 6 1 3 1 3 1 5 1 1 1 1 1 1 1 1 1 1 1 2 1 4 1 5 1 1 1 1 1 1 1 1 1 
Time : 1.208428 seconds

=====================
2015-12-06 04:30:02
2 threads
225 trees
10 iterations
15.873896 1.000000
23 10 1 2 59 5 2 10 12 2 1 9 2 15 3 1 1 4 7 1 5 2 1 1 1 1 2 2 5 4 2 1 1 4 2 2 3 1 1 1 2 2 1 1 1 1 1 2 1 1 
Time : 0.862324 seconds

=====================
2015-12-06 04:30:03
4 threads
225 trees
10 iterations
14.949043 1.000000
6 2 10 30 11 46 5 33 33 6 4 1 5 2 2 3 2 1 4 3 1 3 1 2 1 1 3 1 1 1 1 
Time : 0.707556 seconds

=====================
2015-12-06 04:30:03
4 threads
225 trees
10 iterations
11.459497 1.000000
209 10 2 3 1 
Time : 0.457137 seconds

=====================
2015-12-06 04:30:04
4 threads
225 trees
10 iterations
11.459497 1.000000
209 10 2 3 1 
Time : 0.525544 seconds

=====================
2015-12-06 04:30:05
4 threads
225 trees
10 iterations
16.662476 1.000000
58 32 5 13 4 30 3 3 5 1 3 1 7 1 5 5 2 3 2 3 3 3 2 1 2 1 2 1 1 2 2 1 2 1 1 1 4 1 1 1 1 1 1 1 1 1 
Time : 0.720721 seconds

=====================
2015-12-06 04:30:06
4 threads
225 trees
10 iterations
21.100717 1.000000
3 1 1 2 8 4 1 2 2 2 1 2 12 2 1 5 2 3 11 1 1 4 8 6 3 1 4 2 1 2 1 3 2 3 1 2 3 1 6 1 6 2 1 1 1 2 3 1 1 1 1 1 3 1 3 1 1 2 1 1 1 1 2 3 1 1 1 1 1 2 2 1 2 2 1 2 3 1 3 1 3 2 2 2 1 2 1 1 1 1 1 1 1 2 1 1 1 1 2 1 1 1 2 1 1 2 1 1 
Time : 0.810546 seconds

=====================
2015-12-06 04:30:06
4 threads
225 trees
10 iterations
15.357520 1.000000
22 11 31 7 16 50 11 6 6 7 2 1 1 5 1 2 1 2 5 2 1 4 3 3 6 2 1 1 2 1 1 2 1 1 3 1 1 1 1 
Time : 0.479422 seconds

=====================
2015-12-06 04:30:07
4 threads
225 trees
10 iterations
15.357520 1.000000
22 11 31 7 16 50 11 6 6 7 2 1 1 5 1 2 1 2 5 2 1 4 3 3 6 2 1 1 2 1 1 2 1 1 3 1 1 1 1 
Time : 0.551202 seconds

=====================
2015-12-06 04:30:07
4 threads
225 trees
10 iterations
16.038782 1.000000
25 9 18 2 2 2 9 8 6 9 22 4 15 2 2 1 5 5 11 2 1 2 3 4 2 2 2 3 1 3 8 1 3 1 1 3 6 1 3 2 3 1 2 1 2 1 1 1 1 1 
Time : 0.597643 seconds

=====================
2015-12-06 04:30:08
4 threads
225 trees
10 iterations
16.038782 1.000000
25 9 18 2 2 2 9 8 6 9 22 4 15 2 2 1 5 5 11 2 1 2 3 4 2 2 2 3 1 3 8 1 3 1 1 3 6 1 3 2 3 1 2 1 2 1 1 1 1 1 
Time : 0.581652 seconds

=====================
2015-12-06 04:30:08
4 threads
225 trees
10 iterations
10.987732 1.000000
220 2 2 1 
Time : 0.452429 seconds

=====================
2015-12-06 04:30:09
4 threads
225 trees
10 iterations
19.510085 1.000000
5 5 6 11 6 2 5 1 7 1 2 32 5 2 2 2 1 3 1 3 1 7 3 2 5 1 3 5 1 3 1 3 1 2 6 1 5 3 1 3 5 2 1 2 3 5 4 1 2 2 3 2 1 1 1 1 1 1 1 1 2 1 1 4 2 2 1 1 2 2 1 1 1 1 1 1 1 1 
Time : 0.755390 seconds

=====================
2015-12-06 04:30:10
4 threads
225 trees
10 iterations
19.510085 1.000000
5 5 6 11 6 2 5 1 7 1 2 32 5 2 2 2 1 3 1 3 1 7 3 2 5 1 3 5 1 3 1 3 1 2 6 1 5 3 1 3 5 2 1 2 3 5 4 1 2 2 3 2 1 1 1 1 1 1 1 1 2 1 1 4 2 2 1 1 2 2 1 1 1 1 1 1 1 1 
Time : 0.739619 seconds

=====================
2015-12-06 04:30:11
4 threads
225 trees
10 iterations
5.501379 1.000000
225 
Time : 0.512268 seconds

=====================
2015-12-06 04:30:11
4 threads
225 trees
10 iterations
19.949763 1.000000
2 7 2 1 3 3 1 1 5 7 14 2 2 1 7 2 9 6 17 1 4 1 2 3 3 2 1 8 5 8 3 7 12 2 2 1 1 2 1 4 1 1 1 2 1 2 1 1 2 2 1 1 2 1 2 1 1 2 2 2 1 1 3 1 1 1 1 1 2 1 1 2 1 1 3 1 1 1 1 1 1 1 1 1 1 
Time : 0.696478 seconds

=====================
2015-12-06 04:30:12
4 threads
225 trees
10 iterations
7.847764 1.000000
225 
Time : 0.466590 seconds

=====================
2015-12-06 04:30:12
8 threads
225 trees
10 iterations
7.847764 1.000000
225 
Time : 0.286809 seconds

=====================
2015-12-06 04:30:13
8 threads
225 trees
10 iterations
7.847764 1.000000
225 
Time : 0.309265 seconds

=====================
2015-12-06 04:30:13
8 threads
225 trees
10 iterations
15.989468 1.000000
8 8 10 4 12 47 21 8 2 5 4 7 2 2 4 1 10 1 3 1 3 1 3 5 10 1 2 1 4 2 4 10 4 1 1 1 1 1 1 1 1 2 1 2 1 1 
Time : 0.322442 seconds

=====================
2015-12-06 04:30:13
8 threads
225 trees
10 iterations
15.989468 1.000000
8 8 10 4 12 47 21 8 2 5 4 7 2 2 4 1 10 1 3 1 3 1 3 5 10 1 2 1 4 2 4 10 4 1 1 1 1 1 1 1 1 2 1 2 1 1 
Time : 0.355986 seconds

=====================
2015-12-06 04:30:14
8 threads
225 trees
10 iterations
6.455326 1.000000
225 
Time : 0.294554 seconds

=====================
2015-12-06 04:30:14
8 threads
225 trees
10 iterations
6.455326 1.000000
225 
Time : 0.322776 seconds

=====================
2015-12-06 04:30:15
8 threads
225 trees
10 iterations
6.455326 1.000000
225 
Time : 0.293225 seconds

=====================
2015-12-06 04:30:15
8 threads
225 trees
10 iterations
15.769337 1.000000
2 1 5 18 21 4 10 2 9 1 12 6 2 10 3 24 19 5 6 3 2 1 1 2 1 4 1 4 8 2 4 3 1 1 2 1 1 3 4 3 1 1 1 1 1 1 1 1 1 1 1 1 1 
Time : 0.341972 seconds

=====================
2015-12-06 04:30:15
8 threads
225 trees
10 iterations
15.769337 1.000000
2 1 5 18 21 4 10 2 9 1 12 6 2 10 3 24 19 5 6 3 2 1 1 2 1 4 1 4 8 2 4 3 1 1 2 1 1 3 4 3 1 1 1 1 1 1 1 1 1 1 1 1 1 
Time : 0.389506 seconds

=====================
2015-12-06 04:30:16
8 threads
225 trees
10 iterations
15.769337 1.000000
2 1 5 18 21 4 10 2 9 1 12 6 2 10 3 24 19 5 6 3 2 1 1 2 1 4 1 4 8 2 4 3 1 1 2 1 1 3 4 3 1 1 1 1 1 1 1 1 1 1 1 1 1 
Time : 0.363472 seconds

=====================
2015-12-06 04:30:16
8 threads
225 trees
10 iterations
12.660411 1.000000
109 1 4 6 23 10 17 38 3 8 2 4 
Time : 0.309439 seconds

=====================
2015-12-06 04:30:17
8 threads
225 trees
10 iterations
12.660411 1.000000
109 1 4 6 23 10 17 38 3 8 2 4 
Time : 0.338967 seconds

=====================
2015-12-06 04:30:17
8 threads
225 trees
10 iterations
9.997765 1.000000
211 5 3 5 1 
Time : 0.277737 seconds

=====================
2015-12-06 04:30:17
8 threads
225 trees
10 iterations
9.997765 1.000000
211 5 3 5 1 
Time : 0.322303 seconds

=====================
2015-12-06 04:30:18
8 threads
225 trees
10 iterations
9.997765 1.000000
211 5 3 5 1 
Time : 0.300292 seconds

=====================
2015-12-06 04:30:18
16 threads
225 trees
10 iterations
11.442479 1.000000
211 3 3 2 5 1 
Time : 0.175689 seconds

=====================
2015-12-06 04:30:18
16 threads
225 trees
10 iterations
11.442479 1.000000
211 3 3 2 5 1 
Time : 0.183035 seconds

=====================
2015-12-06 04:30:18
16 threads
225 trees
10 iterations
11.442479 1.000000
211 3 3 2 5 1 
Time : 0.193499 seconds

=====================
2015-12-06 04:30:19
16 threads
225 trees
10 iterations
11.442479 1.000000
211 3 3 2 5 1 
Time : 0.178328 seconds

=====================
2015-12-06 04:30:19
16 threads
225 trees
10 iterations
9.178126 1.000000
225 
Time : 0.173063 seconds

=====================
2015-12-06 04:30:19
16 threads
225 trees
10 iterations
9.178126 1.000000
225 
Time : 0.162749 seconds

=====================
2015-12-06 04:30:19
16 threads
225 trees
10 iterations
9.178126 1.000000
225 
Time : 0.155123 seconds

=====================
2015-12-06 04:30:19
16 threads
225 trees
10 iterations
9.178126 1.000000
225 
Time : 0.181527 seconds

=====================
2015-12-06 04:30:20
16 threads
225 trees
10 iterations
9.178126 1.000000
225 
Time : 0.174441 seconds

=====================
2015-12-06 04:30:20
16 threads
225 trees
10 iterations
6.562804 1.000000
225 
Time : 0.162081 seconds

=====================
2015-12-06 04:30:20
16 threads
225 trees
10 iterations
6.562804 1.000000
225 
Time : 0.171919 seconds

=====================
2015-12-06 04:30:20
16 threads
225 trees
10 iterations
6.562804 1.000000
225 
Time : 0.159229 seconds

=====================
2015-12-06 04:30:20
16 threads
225 trees
10 iterations
6.562804 1.000000
225 
Time : 0.158475 seconds

=====================
2015-12-06 04:30:21
16 threads
225 trees
10 iterations
6.562804 1.000000
225 
Time : 0.166749 seconds

=====================
2015-12-06 04:30:21
16 threads
225 trees
10 iterations
7.409355 1.000000
225 
Time : 0.168580 seconds

=====================
2015-12-06 04:30:21
32 threads
225 trees
10 iterations
7.409355 1.000000
225 
Time : 0.118170 seconds

=====================
2015-12-06 04:30:21
32 threads
225 trees
10 iterations
7.409355 1.000000
225 
Time : 0.102574 seconds

=====================
2015-12-06 04:30:21
32 threads
225 trees
10 iterations
7.409355 1.000000
225 
Time : 0.113348 seconds

=====================
2015-12-06 04:30:21
32 threads
225 trees
10 iterations
7.409355 1.000000
225 
Time : 0.114970 seconds

=====================
2015-12-06 04:30:21
32 threads
225 trees
10 iterations
7.409355 1.000000
225 
Time : 0.121824 seconds

=====================
2015-12-06 04:30:22
32 threads
225 trees
10 iterations
18.817349 1.000000
2 2 3 6 6 4 8 2 3 3 5 7 4 4 11 7 2 5 3 1 3 6 10 10 2 9 1 1 2 3 2 1 1 3 4 4 3 5 2 1 4 2 3 1 1 1 2 1 4 1 3 2 2 1 1 2 5 1 1 1 1 1 1 1 2 2 1 1 1 1 1 2 2 1 1 1 1 1 2 1 
Time : 0.126673 seconds

=====================
2015-12-06 04:30:22
32 threads
225 trees
10 iterations
18.817349 1.000000
2 2 3 6 6 4 8 2 3 3 5 7 4 4 11 7 2 5 3 1 3 6 10 10 2 9 1 1 2 3 2 1 1 3 4 4 3 5 2 1 4 2 3 1 1 1 2 1 4 1 3 2 2 1 1 2 5 1 1 1 1 1 1 1 2 2 1 1 1 1 1 2 2 1 1 1 1 1 2 1 
Time : 0.131508 seconds

=====================
2015-12-06 04:30:22
32 threads
225 trees
10 iterations
18.817349 1.000000
2 2 3 6 6 4 8 2 3 3 5 7 4 4 11 7 2 5 3 1 3 6 10 10 2 9 1 1 2 3 2 1 1 3 4 4 3 5 2 1 4 2 3 1 1 1 2 1 4 1 3 2 2 1 1 2 5 1 1 1 1 1 1 1 2 2 1 1 1 1 1 2 2 1 1 1 1 1 2 1 
Time : 0.141040 seconds

=====================
2015-12-06 04:30:22
32 threads
225 trees
10 iterations
18.817349 1.000000
2 2 3 6 6 4 8 2 3 3 5 7 4 4 11 7 2 5 3 1 3 6 10 10 2 9 1 1 2 3 2 1 1 3 4 4 3 5 2 1 4 2 3 1 1 1 2 1 4 1 3 2 2 1 1 2 5 1 1 1 1 1 1 1 2 2 1 1 1 1 1 2 2 1 1 1 1 1 2 1 
Time : 0.139324 seconds

=====================
2015-12-06 04:30:22
32 threads
225 trees
10 iterations
18.817349 1.000000
2 2 3 6 6 4 8 2 3 3 5 7 4 4 11 7 2 5 3 1 3 6 10 10 2 9 1 1 2 3 2 1 1 3 4 4 3 5 2 1 4 2 3 1 1 1 2 1 4 1 3 2 2 1 1 2 5 1 1 1 1 1 1 1 2 2 1 1 1 1 1 2 2 1 1 1 1 1 2 1 
Time : 0.129241 seconds

=====================
2015-12-06 04:30:23
32 threads
225 trees
10 iterations
18.817349 1.000000
2 2 3 6 6 4 8 2 3 3 5 7 4 4 11 7 2 5 3 1 3 6 10 10 2 9 1 1 2 3 2 1 1 3 4 4 3 5 2 1 4 2 3 1 1 1 2 1 4 1 3 2 2 1 1 2 5 1 1 1 1 1 1 1 2 2 1 1 1 1 1 2 2 1 1 1 1 1 2 1 
Time : 0.136538 seconds

=====================
2015-12-06 04:30:23
32 threads
225 trees
10 iterations
13.877684 1.000000
7 36 95 6 30 29 4 2 1 1 1 2 1 5 1 1 1 1 1 
Time : 0.127715 seconds

=====================
2015-12-06 04:30:23
32 threads
225 trees
10 iterations
13.877684 1.000000
7 36 95 6 30 29 4 2 1 1 1 2 1 5 1 1 1 1 1 
Time : 0.124501 seconds

=====================
2015-12-06 04:30:23
32 threads
225 trees
10 iterations
13.877684 1.000000
7 36 95 6 30 29 4 2 1 1 1 2 1 5 1 1 1 1 1 
Time : 0.131640 seconds

=====================
2015-12-06 04:30:23
32 threads
225 trees
10 iterations
13.877684 1.000000
7 36 95 6 30 29 4 2 1 1 1 2 1 5 1 1 1 1 1 
Time : 0.128937 seconds

=====================
