2015-12-06 04:28:32
1 threads
225 trees
10 iterations
10.695588 1.000000
218 7 
Time : 1.302161 seconds

=====================
2015-12-06 04:28:34
1 threads
225 trees
10 iterations
16.226611 1.000000
8 19 41 23 8 8 17 7 4 6 6 3 6 2 9 3 2 4 2 2 4 1 1 6 2 3 1 1 4 1 2 3 1 4 1 2 1 1 1 1 1 1 1 1 
Time : 1.226353 seconds

=====================
2015-12-06 04:28:35
1 threads
225 trees
10 iterations
14.517518 1.000000
53 56 8 1 10 6 3 2 27 5 4 7 3 4 5 3 3 10 4 1 1 3 1 1 1 1 1 1 
Time : 1.445707 seconds

=====================
2015-12-06 04:28:37
1 threads
225 trees
10 iterations
19.971160 1.000000
6 12 10 2 4 4 3 16 1 2 7 1 8 5 3 4 4 6 8 1 2 2 5 2 3 1 5 2 3 1 5 1 2 4 1 3 1 4 1 6 3 2 1 1 1 7 1 3 1 2 2 2 1 1 2 1 1 2 2 1 1 2 2 3 1 1 1 1 1 4 2 1 2 1 1 1 1 1 
Time : 1.532302 seconds

=====================
2015-12-06 04:28:38
1 threads
225 trees
10 iterations
17.229235 1.000000
2 7 12 1 4 7 13 6 2 7 5 1 4 4 19 3 3 2 3 1 14 3 5 9 4 5 3 2 6 5 2 5 2 1 1 2 2 3 2 5 1 1 3 1 3 1 1 1 1 2 3 2 1 2 1 1 1 1 1 1 1 3 1 1 1 1 1 
Time : 1.423338 seconds

=====================
2015-12-06 04:28:40
1 threads
225 trees
10 iterations
16.716898 1.000000
5 47 9 28 5 3 5 2 26 1 1 6 4 3 1 3 1 1 6 6 4 2 5 3 7 4 1 1 1 2 2 3 6 2 2 1 1 1 1 1 1 1 3 2 1 1 1 1 1 
Time : 1.293317 seconds

=====================
2015-12-06 04:28:41
1 threads
225 trees
10 iterations
14.144114 1.000000
1 3 61 46 3 6 3 9 13 3 3 7 12 2 2 17 4 1 1 1 12 1 3 3 1 1 2 2 1 1 
Time : 1.216391 seconds

=====================
2015-12-06 04:28:42
1 threads
225 trees
10 iterations
16.311465 1.000000
1 40 2 23 19 8 5 2 14 2 1 2 9 10 6 1 10 1 1 2 12 1 1 1 3 1 1 1 1 1 6 1 2 1 5 1 1 1 2 1 1 2 5 3 1 1 3 2 1 1 1 1 
Time : 1.282680 seconds

=====================
2015-12-06 04:28:44
1 threads
225 trees
10 iterations
17.200961 1.000000
3 25 5 4 1 2 11 3 2 4 2 1 10 1 2 4 13 21 3 11 1 2 8 2 2 7 4 3 1 4 9 4 7 1 1 3 2 1 1 2 1 1 1 2 1 1 2 1 1 5 1 1 1 2 1 1 1 1 2 1 1 1 1 1 
Time : 1.387702 seconds

=====================
2015-12-06 04:28:45
1 threads
225 trees
10 iterations
18.695759 1.000000
2 3 13 2 8 7 1 1 8 8 1 4 10 8 2 5 3 4 4 2 2 2 6 3 4 7 5 3 2 3 1 2 5 1 3 4 2 6 3 1 1 3 2 1 4 3 5 1 1 1 5 3 1 1 1 1 2 1 1 2 1 1 1 1 1 1 1 2 1 2 2 1 1 1 1 1 1 1 1 1 1 
Time : 1.427698 seconds

=====================
2015-12-06 04:28:47
1 threads
225 trees
10 iterations
15.477659 1.000000
6 8 8 8 9 2 12 40 7 5 18 3 4 5 10 6 16 7 4 3 2 1 2 13 2 2 1 1 2 1 1 3 1 3 1 1 1 1 1 1 1 1 1 
Time : 1.553565 seconds

=====================
2015-12-06 04:28:48
1 threads
225 trees
10 iterations
16.908537 1.000000
24 7 14 6 12 18 2 1 2 4 2 20 1 5 5 8 5 3 8 16 10 2 2 1 5 8 1 1 2 3 1 1 2 2 2 2 2 1 1 1 1 1 1 1 1 1 1 1 1 1 1 1 
Time : 1.474399 seconds

=====================
2015-12-06 04:28:49
1 threads
225 trees
10 iterations
4.777706 1.000000
225 
Time : 0.918039 seconds

=====================
2015-12-06 04:28:50
1 threads
225 trees
10 iterations
5.885543 1.000000
225 
Time : 0.940201 seconds

=====================
2015-12-06 04:28:52
1 threads
225 trees
10 iterations
10.714890 1.000000
22 199 2 2 
Time : 1.205555 seconds

=====================
2015-12-06 04:28:53
2 threads
225 trees
10 iterations
12.624467 1.000000
151 16 2 3 2 23 3 1 12 2 2 3 1 2 1 1 
Time : 0.929372 seconds

=====================
2015-12-06 04:28:54
2 threads
225 trees
10 iterations
15.967376 1.000000
60 14 20 9 12 1 10 9 1 3 3 7 17 5 2 2 1 1 1 1 2 6 10 1 3 7 2 1 1 2 1 2 1 1 2 1 1 1 1 
Time : 1.096090 seconds

=====================
2015-12-06 04:28:55
2 threads
225 trees
10 iterations
4.303493 1.000000
225 
Time : 0.854178 seconds

=====================
2015-12-06 04:28:56
2 threads
225 trees
10 iterations
20.424659 1.000000
4 1 2 2 1 17 2 2 2 4 19 1 4 4 4 5 2 1 1 1 5 2 1 5 4 1 3 2 2 1 5 1 3 4 4 2 1 1 1 4 4 1 3 8 1 1 1 4 1 2 4 2 1 2 1 2 4 2 1 1 2 1 2 1 4 2 1 7 1 2 1 1 1 2 1 1 2 1 2 1 1 2 1 2 1 1 1 1 1 1 
Time : 1.254796 seconds

=====================
2015-12-06 04:28:57
2 threads
225 trees
10 iterations
15.331351 1.000000
12 12 9 41 5 2 44 4 6 9 5 7 3 6 2 9 5 1 4 3 1 8 5 2 1 1 2 1 1 2 1 1 1 1 1 1 1 1 1 1 1 1 
Time : 1.114221 seconds

=====================
2015-12-06 04:28:58
2 threads
225 trees
10 iterations
15.641694 1.000000
9 9 1 10 30 16 4 41 9 4 10 8 1 5 1 2 8 2 2 9 4 4 8 2 2 1 1 1 1 2 1 1 5 1 3 1 1 1 1 1 1 1 
Time : 1.101314 seconds

=====================
2015-12-06 04:28:59
2 threads
225 trees
10 iterations
11.627132 1.000000
213 2 2 5 2 1 
Time : 0.911163 seconds

=====================
2015-12-06 04:29:00
2 threads
225 trees
10 iterations
15.292311 1.000000
15 83 15 3 18 3 7 2 5 6 8 2 6 6 2 5 2 2 2 7 4 3 4 1 3 1 2 2 1 1 2 1 1 
Time : 1.088109 seconds

=====================
2015-12-06 04:29:01
2 threads
225 trees
10 iterations
4.227752 1.000000
225 
Time : 0.678445 seconds

=====================
2015-12-06 04:29:02
2 threads
225 trees
10 iterations
16.117032 1.000000
7 4 27 4 16 7 11 37 2 4 1 2 10 2 2 11 1 4 3 1 6 1 7 6 1 1 4 3 2 1 7 4 2 2 1 1 2 2 2 3 2 1 3 1 1 1 1 1 
Time : 1.149594 seconds

=====================
2015-12-06 04:29:03
2 threads
225 trees
10 iterations
6.251218 1.000000
225 
Time : 0.904512 seconds

=====================
2015-12-06 04:29:04
2 threads
225 trees
10 iterations
8.158180 1.000000
222 3 
Time : 0.926110 seconds

=====================
2015-12-06 04:29:05
2 threads
225 trees
10 iterations
7.886861 1.000000
225 
Time : 0.791457 seconds

=====================
2015-12-06 04:29:06
2 threads
225 trees
10 iterations
17.235635 1.000000
6 20 6 1 1 3 5 1 3 11 6 8 2 7 8 1 11 1 8 18 1 2 4 1 1 8 3 1 8 3 1 3 1 1 3 1 8 2 1 2 1 1 1 3 4 1 2 4 2 2 1 2 2 2 2 1 1 3 1 1 1 1 1 1 1 1 
Time : 1.137697 seconds

=====================
2015-12-06 04:29:08
2 threads
225 trees
10 iterations
21.028687 1.000000
2 2 2 3 6 9 8 1 1 2 3 1 4 1 3 4 2 2 1 1 4 10 1 3 3 2 1 16 5 5 3 2 2 3 2 1 1 3 3 1 5 4 1 7 1 1 1 5 1 1 2 6 1 1 1 1 2 1 2 1 1 1 1 1 3 1 2 1 1 2 2 1 1 1 1 3 1 1 1 1 1 1 1 1 1 1 1 2 1 1 2 1 1 1 1 1 3 1 1 1 
Time : 1.250185 seconds

=====================
2015-12-06 04:29:08
4 threads
225 trees
10 iterations
17.471434 1.000000
18 16 7 8 9 7 2 2 6 5 1 5 1 4 7 8 3 5 1 3 7 1 3 5 4 8 1 7 8 6 1 3 2 2 2 8 1 1 1 1 1 1 2 2 1 6 1 1 1 1 2 2 1 2 2 1 1 1 1 1 1 1 1 1 
Time : 0.651789 seconds

=====================
2015-12-06 04:29:09
4 threads
225 trees
10 iterations
17.471434 1.000000
18 16 7 8 9 7 2 2 6 5 1 5 1 4 7 8 3 5 1 3 7 1 3 5 4 8 1 7 8 6 1 3 2 2 2 8 1 1 1 1 1 1 2 2 1 6 1 1 1 1 2 2 1 2 2 1 1 1 1 1 1 1 1 1 
Time : 0.655618 seconds

=====================
2015-12-06 04:29:10
4 threads
225 trees
10 iterations
4.717525 1.000000
225 
Time : 0.583509 seconds

=====================
2015-12-06 04:29:10
4 threads
225 trees
10 iterations
10.416109 1.000000
216 5 4 
Time : 0.464766 seconds

=====================
2015-12-06 04:29:11
4 threads
225 trees
10 iterations
10.416109 1.000000
216 5 4 
Time : 0.461416 seconds

=====================
2015-12-06 04:29:11
4 threads
225 trees
10 iterations
17.526904 1.000000
10 4 5 10 2 8 8 4 6 8 5 12 3 4 9 4 6 2 1 1 2 19 6 1 2 1 7 1 2 6 3 1 3 2 7 2 1 1 3 5 1 1 1 2 1 2 4 3 1 1 1 2 1 1 1 1 1 1 1 2 1 1 1 1 1 1 1 1 1 
Time : 0.583924 seconds

=====================
2015-12-06 04:29:12
4 threads
225 trees
10 iterations
17.526904 1.000000
10 4 5 10 2 8 8 4 6 8 5 12 3 4 9 4 6 2 1 1 2 19 6 1 2 1 7 1 2 6 3 1 3 2 7 2 1 1 3 5 1 1 1 2 1 2 4 3 1 1 1 2 1 1 1 1 1 1 1 2 1 1 1 1 1 1 1 1 1 
Time : 0.609904 seconds

=====================
2015-12-06 04:29:13
4 threads
225 trees
10 iterations
7.822263 1.000000
225 
Time : 0.496547 seconds

=====================
2015-12-06 04:29:13
4 threads
225 trees
10 iterations
8.380424 1.000000
225 
Time : 0.460748 seconds

=====================
2015-12-06 04:29:14
4 threads
225 trees
10 iterations
8.380424 1.000000
225 
Time : 0.455661 seconds

=====================
2015-12-06 04:29:14
4 threads
225 trees
10 iterations
17.949899 1.000000
5 4 1 1 3 1 9 1 1 1 1 10 1 1 4 3 1 6 9 2 1 4 2 1 3 1 7 1 1 13 3 1 3 12 1 3 7 1 5 3 2 1 4 9 4 2 2 2 2 3 1 1 2 2 5 4 3 1 1 2 1 3 1 1 7 3 1 1 1 4 1 1 1 1 1 2 1 1 1 1 
Time : 0.662371 seconds

=====================
2015-12-06 04:29:15
4 threads
225 trees
10 iterations
17.949899 1.000000
5 4 1 1 3 1 9 1 1 1 1 10 1 1 4 3 1 6 9 2 1 4 2 1 3 1 7 1 1 13 3 1 3 12 1 3 7 1 5 3 2 1 4 9 4 2 2 2 2 3 1 1 2 2 5 4 3 1 1 2 1 3 1 1 7 3 1 1 1 4 1 1 1 1 1 2 1 1 1 1 
Time : 0.623105 seconds

=====================
2015-12-06 04:29:16
4 threads
225 trees
10 iterations
17.715316 1.000000
8 1 3 14 6 12 6 4 2 4 15 3 3 2 3 2 11 5 8 1 4 1 9 4 3 3 2 5 5 2 3 8 8 2 2 2 3 2 1 2 1 1 3 1 4 4 1 2 1 1 1 2 4 1 1 2 1 1 2 1 1 1 1 1 1 1 
Time : 0.694349 seconds

=====================
2015-12-06 04:29:16
4 threads
225 trees
10 iterations
12.908687 1.000000
135 22 3 27 6 2 3 4 5 4 3 3 1 1 1 2 2 1 
Time : 0.634148 seconds

=====================
2015-12-06 04:29:17
4 threads
225 trees
10 iterations
12.908687 1.000000
135 22 3 27 6 2 3 4 5 4 3 3 1 1 1 2 2 1 
Time : 0.516895 seconds

=====================
2015-12-06 04:29:17
8 threads
225 trees
10 iterations
8.691913 1.000000
225 
Time : 0.308395 seconds

=====================
2015-12-06 04:29:18
8 threads
225 trees
10 iterations
8.691913 1.000000
225 
Time : 0.285426 seconds

=====================
2015-12-06 04:29:18
8 threads
225 trees
10 iterations
7.445967 1.000000
225 
Time : 0.261472 seconds

=====================
2015-12-06 04:29:18
8 threads
225 trees
10 iterations
7.445967 1.000000
225 
Time : 0.278418 seconds

=====================
2015-12-06 04:29:19
8 threads
225 trees
10 iterations
7.445967 1.000000
225 
Time : 0.290173 seconds

=====================
2015-12-06 04:29:19
8 threads
225 trees
10 iterations
17.345357 1.000000
6 2 5 25 2 15 2 2 3 8 5 3 8 1 16 12 7 1 4 6 1 11 2 2 2 5 1 2 7 2 1 4 2 1 1 5 1 3 1 2 1 1 2 1 6 2 1 1 4 1 1 1 1 1 2 1 1 1 1 1 1 1 1 1 1 
Time : 0.333865 seconds

=====================
2015-12-06 04:29:19
8 threads
225 trees
10 iterations
17.345357 1.000000
6 2 5 25 2 15 2 2 3 8 5 3 8 1 16 12 7 1 4 6 1 11 2 2 2 5 1 2 7 2 1 4 2 1 1 5 1 3 1 2 1 1 2 1 6 2 1 1 4 1 1 1 1 1 2 1 1 1 1 1 1 1 1 1 1 
Time : 0.385318 seconds

=====================
2015-12-06 04:29:20
8 threads
225 trees
10 iterations
17.345357 1.000000
6 2 5 25 2 15 2 2 3 8 5 3 8 1 16 12 7 1 4 6 1 11 2 2 2 5 1 2 7 2 1 4 2 1 1 5 1 3 1 2 1 1 2 1 6 2 1 1 4 1 1 1 1 1 2 1 1 1 1 1 1 1 1 1 1 
Time : 0.399749 seconds

=====================
2015-12-06 04:29:20
8 threads
225 trees
10 iterations
21.138115 1.000000
3 15 7 3 10 1 1 9 2 5 1 1 2 2 3 3 7 1 2 2 3 4 1 4 3 1 1 4 1 3 3 2 3 2 2 2 7 1 1 3 1 1 8 3 1 1 2 2 1 5 2 1 2 1 1 2 4 1 1 1 1 1 1 1 1 1 3 1 1 1 2 2 2 1 4 3 1 2 3 1 1 2 3 1 1 1 1 1 1 1 1 1 1 1 1 1 1 
Time : 0.402430 seconds

=====================
2015-12-06 04:29:21
8 threads
225 trees
10 iterations
21.138115 1.000000
3 15 7 3 10 1 1 9 2 5 1 1 2 2 3 3 7 1 2 2 3 4 1 4 3 1 1 4 1 3 3 2 3 2 2 2 7 1 1 3 1 1 8 3 1 1 2 2 1 5 2 1 2 1 1 2 4 1 1 1 1 1 1 1 1 1 3 1 1 1 2 2 2 1 4 3 1 2 3 1 1 2 3 1 1 1 1 1 1 1 1 1 1 1 1 1 1 
Time : 0.378220 seconds

=====================
2015-12-06 04:29:21
8 threads
225 trees
10 iterations
5.947934 1.000000
225 
Time : 0.311454 seconds

=====================
2015-12-06 04:29:22
8 threads
225 trees
10 iterations
5.947934 1.000000
225 
Time : 0.270263 seconds

=====================
2015-12-06 04:29:22
8 threads
225 trees
10 iterations
15.993426 1.000000
1 4 3 25 10 5 6 4 3 23 21 8 5 6 1 2 2 2 3 3 6 1 3 3 3 1 8 6 1 2 2 1 4 3 2 3 3 3 1 1 1 1 2 3 3 1 3 1 1 3 2 2 4 1 1 1 1 
Time : 0.378276 seconds

=====================
2015-12-06 04:29:22
8 threads
225 trees
10 iterations
15.993426 1.000000
1 4 3 25 10 5 6 4 3 23 21 8 5 6 1 2 2 2 3 3 6 1 3 3 3 1 8 6 1 2 2 1 4 3 2 3 3 3 1 1 1 1 2 3 3 1 3 1 1 3 2 2 4 1 1 1 1 
Time : 0.368085 seconds

=====================
2015-12-06 04:29:23
8 threads
225 trees
10 iterations
15.993426 1.000000
1 4 3 25 10 5 6 4 3 23 21 8 5 6 1 2 2 2 3 3 6 1 3 3 3 1 8 6 1 2 2 1 4 3 2 3 3 3 1 1 1 1 2 3 3 1 3 1 1 3 2 2 4 1 1 1 1 
Time : 0.435064 seconds

=====================
2015-12-06 04:29:23
16 threads
225 trees
10 iterations
15.196224 1.000000
6 20 12 7 9 2 11 9 2 21 9 2 8 4 13 5 18 5 3 4 6 5 1 1 2 1 1 5 5 4 1 1 5 1 1 1 1 1 1 6 1 1 1 1 1 
Time : 0.218321 seconds

=====================
2015-12-06 04:29:23
16 threads
225 trees
10 iterations
15.196224 1.000000
6 20 12 7 9 2 11 9 2 21 9 2 8 4 13 5 18 5 3 4 6 5 1 1 2 1 1 5 5 4 1 1 5 1 1 1 1 1 1 6 1 1 1 1 1 
Time : 0.191475 seconds

=====================
2015-12-06 04:29:24
16 threads
225 trees
10 iterations
15.196224 1.000000
6 20 12 7 9 2 11 9 2 21 9 2 8 4 13 5 18 5 3 4 6 5 1 1 2 1 1 5 5 4 1 1 5 1 1 1 1 1 1 6 1 1 1 1 1 
Time : 0.174670 seconds

=====================
2015-12-06 04:29:24
16 threads
225 trees
10 iterations
13.741545 1.000000
6 26 5 2 75 6 30 18 2 5 2 2 6 1 2 1 4 7 1 6 4 1 1 1 2 3 1 2 2 1 
Time : 0.211894 seconds

=====================
2015-12-06 04:29:24
16 threads
225 trees
10 iterations
13.741545 1.000000
6 26 5 2 75 6 30 18 2 5 2 2 6 1 2 1 4 7 1 6 4 1 1 1 2 3 1 2 2 1 
Time : 0.194591 seconds

=====================
2015-12-06 04:29:24
16 threads
225 trees
10 iterations
13.741545 1.000000
6 26 5 2 75 6 30 18 2 5 2 2 6 1 2 1 4 7 1 6 4 1 1 1 2 3 1 2 2 1 
Time : 0.204154 seconds

=====================
2015-12-06 04:29:25
16 threads
225 trees
10 iterations
13.741545 1.000000
6 26 5 2 75 6 30 18 2 5 2 2 6 1 2 1 4 7 1 6 4 1 1 1 2 3 1 2 2 1 
Time : 0.196558 seconds

=====================
2015-12-06 04:29:25
16 threads
225 trees
10 iterations
14.438343 1.000000
2 28 11 37 1 2 14 7 1 9 18 24 3 8 7 1 20 3 2 5 1 2 3 5 2 3 1 1 1 2 1 
Time : 0.194651 seconds

=====================
2015-12-06 04:29:25
16 threads
225 trees
10 iterations
14.438343 1.000000
2 28 11 37 1 2 14 7 1 9 18 24 3 8 7 1 20 3 2 5 1 2 3 5 2 3 1 1 1 2 1 
Time : 0.186224 seconds

=====================
2015-12-06 04:29:25
16 threads
225 trees
10 iterations
14.438343 1.000000
2 28 11 37 1 2 14 7 1 9 18 24 3 8 7 1 20 3 2 5 1 2 3 5 2 3 1 1 1 2 1 
Time : 0.213227 seconds

=====================
2015-12-06 04:29:26
16 threads
225 trees
10 iterations
14.438343 1.000000
2 28 11 37 1 2 14 7 1 9 18 24 3 8 7 1 20 3 2 5 1 2 3 5 2 3 1 1 1 2 1 
Time : 0.188237 seconds

=====================
2015-12-06 04:29:26
16 threads
225 trees
10 iterations
16.960433 1.000000
19 2 28 6 1 2 7 49 7 5 12 5 1 4 2 2 3 1 10 3 4 5 2 4 2 2 2 1 2 1 1 1 1 2 1 4 3 1 1 2 2 1 1 1 1 3 1 1 1 1 1 
Time : 0.185100 seconds

=====================
2015-12-06 04:29:26
16 threads
225 trees
10 iterations
16.960433 1.000000
19 2 28 6 1 2 7 49 7 5 12 5 1 4 2 2 3 1 10 3 4 5 2 4 2 2 2 1 2 1 1 1 1 2 1 4 3 1 1 2 2 1 1 1 1 3 1 1 1 1 1 
Time : 0.174133 seconds

=====================
2015-12-06 04:29:26
16 threads
225 trees
10 iterations
16.960433 1.000000
19 2 28 6 1 2 7 49 7 5 12 5 1 4 2 2 3 1 10 3 4 5 2 4 2 2 2 1 2 1 1 1 1 2 1 4 3 1 1 2 2 1 1 1 1 3 1 1 1 1 1 
Time : 0.186245 seconds

=====================
2015-12-06 04:29:26
16 threads
225 trees
10 iterations
16.960433 1.000000
19 2 28 6 1 2 7 49 7 5 12 5 1 4 2 2 3 1 10 3 4 5 2 4 2 2 2 1 2 1 1 1 1 2 1 4 3 1 1 2 2 1 1 1 1 3 1 1 1 1 1 
Time : 0.180988 seconds

=====================
2015-12-06 04:29:27
32 threads
225 trees
10 iterations
7.853436 1.000000
225 
Time : 0.098673 seconds

=====================
2015-12-06 04:29:27
32 threads
225 trees
10 iterations
7.853436 1.000000
225 
Time : 0.106009 seconds

=====================
2015-12-06 04:29:27
32 threads
225 trees
10 iterations
7.853436 1.000000
225 
Time : 0.110225 seconds

=====================
2015-12-06 04:29:27
32 threads
225 trees
10 iterations
7.853436 1.000000
225 
Time : 0.103239 seconds

=====================
2015-12-06 04:29:27
32 threads
225 trees
10 iterations
7.853436 1.000000
225 
Time : 0.103165 seconds

=====================
2015-12-06 04:29:27
32 threads
225 trees
10 iterations
7.853436 1.000000
225 
Time : 0.096889 seconds

=====================
2015-12-06 04:29:27
32 threads
225 trees
10 iterations
7.853436 1.000000
225 
Time : 0.101357 seconds

=====================
2015-12-06 04:29:28
32 threads
225 trees
10 iterations
10.456881 1.000000
192 26 1 6 
Time : 0.109630 seconds

=====================
2015-12-06 04:29:28
32 threads
225 trees
10 iterations
10.456881 1.000000
192 26 1 6 
Time : 0.105700 seconds

=====================
2015-12-06 04:29:28
32 threads
225 trees
10 iterations
10.456881 1.000000
192 26 1 6 
Time : 0.095001 seconds

=====================
2015-12-06 04:29:28
32 threads
225 trees
10 iterations
10.456881 1.000000
192 26 1 6 
Time : 0.108586 seconds

=====================
2015-12-06 04:29:28
32 threads
225 trees
10 iterations
10.456881 1.000000
192 26 1 6 
Time : 0.096002 seconds

=====================
2015-12-06 04:29:28
32 threads
225 trees
10 iterations
10.456881 1.000000
192 26 1 6 
Time : 0.104809 seconds

=====================
2015-12-06 04:29:28
32 threads
225 trees
10 iterations
10.456881 1.000000
192 26 1 6 
Time : 0.091271 seconds

=====================
2015-12-06 04:29:29
32 threads
225 trees
10 iterations
10.456881 1.000000
192 26 1 6 
Time : 0.096593 seconds

=====================
