2015-12-06 11:17:51
1 threads
130 trees
13 iterations
13.193919 1.000000
4 8 19 14 4 5 3 3 9 5 3 1 2 3 4 1 1 6 6 2 2 1 1 1 2 1 1 2 1 1 1 4 2 3 1 1 1 1
Time : 4.448342 seconds

=====================
2015-12-06 11:17:54
1 threads
130 trees
13 iterations
9.963632 1.000000
34 12 11 5 11 2 7 19 6 5 13 2 1 1 1
Time : 2.997966 seconds

=====================
2015-12-06 11:17:56
1 threads
130 trees
13 iterations
6.949384 1.000000
130
Time : 2.318793 seconds

=====================
2015-12-06 11:18:00
1 threads
130 trees
13 iterations
8.401125 1.000000
125 4 1
Time : 3.687925 seconds

=====================
2015-12-06 11:18:03
1 threads
130 trees
13 iterations
6.618958 1.000000
129 1
Time : 2.780185 seconds

=====================
2015-12-06 11:18:06
1 threads
130 trees
13 iterations
3.998804 1.000000
130
Time : 2.803460 seconds

=====================
2015-12-06 11:18:11
1 threads
130 trees
13 iterations
14.486009 1.000000
2 1 6 8 2 4 1 1 8 4 2 12 7 2 4 6 5 1 3 4 3 1 5 3 1 1 1 1 2 1 1 3 2 1 10 2 1 1 3 1 2 1
Time : 4.703194 seconds

=====================
2015-12-06 11:18:16
1 threads
130 trees
13 iterations
12.366078 1.000000
14 2 18 2 8 4 3 1 31 2 4 1 6 9 1 2 3 2 2 2 1 1 5 1 1 3 1
Time : 4.588106 seconds

=====================
2015-12-06 11:18:20
1 threads
130 trees
13 iterations
11.999550 1.000000
9 3 31 1 5 10 3 13 1 7 1 7 11 2 4 7 1 1 1 1 1 4 1 2 1 1 1
Time : 4.243716 seconds

=====================
2015-12-06 11:18:25
1 threads
130 trees
13 iterations
15.644167 1.000000
2 1 1 1 4 2 4 3 1 8 2 2 7 2 6 1 6 2 1 12 3 1 1 2 3 3 1 1 1 1 3 6 1 1 3 4 1 5 3 2 1 1 1 1 2 1 1 1 1 1 1 1 1 1 1
Time : 4.813820 seconds

=====================
2015-12-06 11:18:29
1 threads
130 trees
13 iterations
11.350117 1.000000
11 43 9 1 6 10 6 3 2 1 5 1 6 2 4 1 1 1 5 5 1 2 1 1 1 1
Time : 4.066093 seconds

=====================
2015-12-06 11:18:34
1 threads
130 trees
13 iterations
13.641255 1.000000
2 1 15 12 3 5 3 5 4 2 1 9 1 7 1 1 4 4 1 4 2 1 6 3 4 1 3 1 1 1 2 2 2 1 1 2 2 1 1 1 1 1 1 1 1 2
Time : 4.485373 seconds

=====================
2015-12-06 11:18:37
1 threads
130 trees
13 iterations
10.509691 1.000000
73 13 7 1 13 4 7 1 1 2 3 2 1 1 1
Time : 3.411976 seconds

=====================
2015-12-06 11:18:41
1 threads
130 trees
13 iterations
9.448109 1.000000
75 3 12 29 2 7 2
Time : 3.606956 seconds

=====================
2015-12-06 11:18:44
1 threads
130 trees
13 iterations
7.732689 1.000000
112 17 1
Time : 2.285386 seconds

=====================
2015-12-06 11:18:46
2 threads
130 trees
13 iterations
7.573012 1.000000
110 18 1 1
Time : 2.446885 seconds

=====================
2015-12-06 11:18:48
2 threads
130 trees
13 iterations
4.843383 1.000000
130
Time : 1.817717 seconds

=====================
2015-12-06 11:18:50
2 threads
130 trees
13 iterations
7.455267 1.000000
130
Time : 1.995276 seconds

=====================
2015-12-06 11:18:53
2 threads
130 trees
13 iterations
11.296294 1.000000
23 28 30 19 8 4 3 4 1 1 3 3 1 1 1
Time : 2.771013 seconds

=====================
2015-12-06 11:18:58
2 threads
130 trees
13 iterations
14.445618 1.000000
2 5 8 8 5 1 1 3 3 1 4 4 5 5 1 5 7 2 1 8 1 2 2 3 2 2 2 5 1 3 2 2 1 1 3 1 1 1 1 1 1 1 2 1 2 1 1 1 1 2 1
Time : 5.081132 seconds

=====================
2015-12-06 11:19:00
2 threads
130 trees
13 iterations
3.939811 1.000000
130
Time : 1.867323 seconds

=====================
2015-12-06 11:19:03
2 threads
130 trees
13 iterations
8.644262 1.000000
117 3 7 1 1 1
Time : 2.637682 seconds

=====================
2015-12-06 11:19:05
2 threads
130 trees
13 iterations
4.966947 1.000000
130
Time : 1.526487 seconds

=====================
2015-12-06 11:19:07
2 threads
130 trees
13 iterations
9.903515 1.000000
94 12 9 1 1 6 1 1 4 1
Time : 2.652646 seconds

=====================
2015-12-06 11:19:13
2 threads
130 trees
13 iterations
15.313639 1.000000
4 1 4 5 1 4 4 2 1 1 2 4 2 2 1 7 2 1 3 2 7 3 4 5 4 2 1 6 2 3 4 1 1 1 1 2 1 1 1 3 1 2 1 1 1 1 1 2 1 1 1 1 1 1 2 1 1 1 1 1 1
Time : 5.313026 seconds

=====================
2015-12-06 11:19:15
2 threads
130 trees
13 iterations
4.642367 1.000000
130
Time : 2.136354 seconds

=====================
2015-12-06 11:19:18
2 threads
130 trees
13 iterations
10.054254 1.000000
65 30 2 9 1 2 10 4 3 1 1 1 1
Time : 2.862403 seconds

=====================
2015-12-06 11:19:23
2 threads
130 trees
13 iterations
14.272551 1.000000
1 1 6 7 4 3 6 3 6 3 2 5 3 7 5 1 1 8 4 2 2 1 4 1 4 2 2 1 1 3 4 2 1 1 1 6 3 1 1 1 3 1 2 2 1 1
Time : 4.627374 seconds

=====================
2015-12-06 11:19:25
2 threads
130 trees
13 iterations
5.783415 1.000000
130
Time : 1.842680 seconds

=====================
2015-12-06 11:19:26
2 threads
130 trees
13 iterations
8.578023 1.000000
3 122 3 2
Time : 1.542586 seconds

=====================
2015-12-06 11:19:29
4 threads
130 trees
13 iterations
11.076458 1.000000
67 8 14 13 2 1 10 2 1 1 1 1 1 2 2 1 1 1 1
Time : 3.353885 seconds

=====================
2015-12-06 11:19:33
4 threads
130 trees
13 iterations
9.869822 1.000000
5 97 14 1 1 1 2 3 2 1 2 1
Time : 2.873418 seconds

=====================
2015-12-06 11:19:36
4 threads
130 trees
13 iterations
14.915227 1.000000
9 3 11 6 3 3 5 2 5 1 2 1 2 4 3 2 5 2 1 7 4 3 1 5 1 2 2 6 1 1 1 5 1 1 2 1 1 1 1 3 1 1 1 1 1 1 1 1 1 1
Time : 3.264906 seconds

=====================
2015-12-06 11:19:39
4 threads
130 trees
13 iterations
12.739167 1.000000
17 11 15 15 7 1 9 5 1 2 1 7 1 2 1 1 6 2 2 2 1 1 1 1 2 2 3 3 1 5 2
Time : 3.236812 seconds

=====================
2015-12-06 11:19:41
4 threads
130 trees
13 iterations
7.620859 1.000000
125 4 1
Time : 1.669035 seconds

=====================
2015-12-06 11:19:43
4 threads
130 trees
13 iterations
11.523565 1.000000
17 5 12 1 32 34 2 8 1 2 7 2 1 2 2 1 1
Time : 2.117750 seconds

=====================
2015-12-06 11:19:45
4 threads
130 trees
13 iterations
7.655486 1.000000
125 4 1
Time : 1.552274 seconds

=====================
2015-12-06 11:19:47
4 threads
130 trees
13 iterations
9.342872 1.000000
113 3 6 5 3
Time : 1.859803 seconds

=====================
2015-12-06 11:19:50
4 threads
130 trees
13 iterations
13.561429 1.000000
34 6 1 8 15 3 1 1 2 2 5 2 8 5 1 3 3 1 2 2 1 1 3 1 1 1 1 1 2 1 2 2 1 3 1 1 1 1
Time : 2.954926 seconds

=====================
2015-12-06 11:19:51
4 threads
130 trees
13 iterations
4.443516 1.000000
130
Time : 1.173105 seconds

=====================
2015-12-06 11:19:54
4 threads
130 trees
13 iterations
15.242794 1.000000
2 3 10 5 1 1 9 4 5 3 6 5 1 5 7 2 1 6 5 3 3 8 1 5 1 2 5 1 2 2 1 2 1 1 1 1 1 1 1 1 1 1 1 1 1
Time : 3.088956 seconds

=====================
2015-12-06 11:19:57
4 threads
130 trees
13 iterations
11.856813 1.000000
12 34 1 5 8 4 9 4 2 11 7 2 3 1 8 2 7 1 3 1 2 1 1 1
Time : 3.128945 seconds

=====================
2015-12-06 11:20:00
4 threads
130 trees
13 iterations
5.483863 1.000000
130
Time : 2.087520 seconds

=====================
2015-12-06 11:20:01
4 threads
130 trees
13 iterations
8.456448 1.000000
46 77 3 3 1
Time : 1.613005 seconds

=====================
2015-12-06 11:20:04
4 threads
130 trees
13 iterations
13.541624 1.000000
1 6 4 2 1 1 4 8 4 8 6 11 9 4 4 2 5 3 2 4 6 7 4 1 4 2 1 2 1 2 1 1 2 1 2 1 1 1 1
Time : 2.725219 seconds

=====================
2015-12-06 11:20:05
8 threads
130 trees
13 iterations
3.914455 1.000000
130
Time : 0.507560 seconds

=====================
2015-12-06 11:20:05
8 threads
130 trees
13 iterations
5.613791 1.000000
129 1
Time : 0.655328 seconds

=====================
2015-12-06 11:20:06
8 threads
130 trees
13 iterations
5.613791 1.000000
129 1
Time : 0.763693 seconds

=====================
2015-12-06 11:20:07
8 threads
130 trees
13 iterations
10.533658 1.000000
37 31 32 9 16 2 1 2
Time : 0.825694 seconds

=====================
2015-12-06 11:20:08
8 threads
130 trees
13 iterations
9.405837 1.000000
118 4 2 1 1 3 1
Time : 0.743181 seconds

=====================
2015-12-06 11:20:09
8 threads
130 trees
13 iterations
13.773872 1.000000
3 6 8 2 16 4 2 5 7 2 1 2 5 5 10 7 3 9 6 6 5 2 3 1 1 1 1 1 2 1 1 1 1
Time : 1.563264 seconds

=====================
2015-12-06 11:20:12
8 threads
130 trees
13 iterations
15.849219 1.000000
3 4 2 5 1 1 10 6 4 2 2 7 1 1 4 7 6 1 1 1 2 1 2 1 1 4 1 2 5 3 5 3 1 4 1 1 1 1 5 1 1 1 1 2 1 1 2 1 1 1 1 1 1 1
Time : 3.033494 seconds

=====================
2015-12-06 11:20:14
8 threads
130 trees
13 iterations
11.906224 1.000000
9 8 44 3 6 3 22 3 3 3 2 3 4 2 1 5 2 1 2 2 1 1
Time : 1.067465 seconds

=====================
2015-12-06 11:20:14
8 threads
130 trees
13 iterations
6.783894 1.000000
130
Time : 0.796787 seconds

=====================
2015-12-06 11:20:15
8 threads
130 trees
13 iterations
6.783894 1.000000
130
Time : 0.543727 seconds

=====================
2015-12-06 11:20:17
8 threads
130 trees
13 iterations
9.093046 1.000000
73 6 31 9 7 1 1 2
Time : 1.826239 seconds

=====================
2015-12-06 11:20:18
8 threads
130 trees
13 iterations
9.645681 1.000000
91 9 6 7 8 4 1 1 1 2
Time : 0.886980 seconds

=====================
2015-12-06 11:20:20
8 threads
130 trees
13 iterations
12.865762 1.000000
2 1 42 2 3 6 10 4 4 2 3 2 6 1 2 3 1 1 4 1 2 1 1 1 2 1 2 7 3 2 1 1 1 1 1 1 1 1
Time : 2.017233 seconds

=====================
2015-12-06 11:20:21
8 threads
130 trees
13 iterations
9.139467 1.000000
51 36 29 3 6 1 1 1 1 1
Time : 1.326843 seconds

=====================
2015-12-06 11:20:24
8 threads
130 trees
13 iterations
14.444408 1.000000
1 4 10 4 2 4 7 3 12 3 4 2 1 1 1 1 2 1 2 3 4 7 3 3 1 2 1 3 1 1 3 1 1 1 2 1 8 1 2 2 1 2 1 1 1 2 1 1 1 1 1 1
Time : 3.062147 seconds

=====================
2015-12-06 11:20:25
16 threads
130 trees
13 iterations
7.952110 1.000000
10 100 1 3 11 4 1
Time : 0.633142 seconds

=====================
2015-12-06 11:20:26
16 threads
130 trees
13 iterations
6.852082 1.000000
130
Time : 0.911529 seconds

=====================
2015-12-06 11:20:27
16 threads
130 trees
13 iterations
10.030877 1.000000
39 68 6 3 1 1 3 2 5 1 1
Time : 1.176561 seconds

=====================
2015-12-06 11:20:29
16 threads
130 trees
13 iterations
12.419024 1.000000
7 13 10 4 23 5 2 1 12 2 1 2 7 10 2 2 1 4 2 3 3 1 1 5 2 1 1 1 1 1
Time : 1.927980 seconds

=====================
2015-12-06 11:20:31
16 threads
130 trees
13 iterations
11.177028 1.000000
32 4 6 5 28 5 7 2 4 3 3 2 6 7 6 4 2 2 1 1
Time : 1.537392 seconds

=====================
2015-12-06 11:20:32
16 threads
130 trees
13 iterations
11.217434 1.000000
14 20 8 3 6 18 4 11 2 6 2 3 3 3 3 10 6 1 1 1 5
Time : 1.465843 seconds

=====================
2015-12-06 11:20:33
16 threads
130 trees
13 iterations
4.447596 1.000000
130
Time : 0.833984 seconds

=====================
2015-12-06 11:20:34
16 threads
130 trees
13 iterations
4.447596 1.000000
130
Time : 1.076545 seconds

=====================
2015-12-06 11:20:36
16 threads
130 trees
13 iterations
8.775253 1.000000
82 7 32 1 5 1 1 1
Time : 1.118550 seconds

=====================
2015-12-06 11:20:37
16 threads
130 trees
13 iterations
8.739587 1.000000
37 90 1 2
Time : 0.901299 seconds

=====================
2015-12-06 11:20:39
16 threads
130 trees
13 iterations
13.883135 1.000000
1 7 3 8 2 6 17 2 1 6 2 4 2 4 7 6 1 7 2 4 2 2 3 8 2 1 3 2 3 1 1 3 2 1 1 1 1 1
Time : 2.394849 seconds

=====================
2015-12-06 11:20:41
16 threads
130 trees
13 iterations
12.866354 1.000000
30 2 1 2 6 7 7 12 5 7 4 4 2 5 4 1 2 2 2 1 2 1 2 4 1 3 1 1 1 2 1 1 1 1 1 1
Time : 2.021475 seconds

=====================
2015-12-06 11:20:42
16 threads
130 trees
13 iterations
8.709652 1.000000
14 29 86 1
Time : 0.682140 seconds

=====================
2015-12-06 11:20:43
16 threads
130 trees
13 iterations
12.072790 1.000000
9 5 19 4 1 29 5 2 6 9 2 5 10 1 3 3 2 1 1 2 1 1 1 1 1 2 1 1 1 1
Time : 1.383111 seconds

=====================
2015-12-06 11:20:45
16 threads
130 trees
13 iterations
13.633975 1.000000
13 9 3 2 15 5 2 6 6 2 2 6 9 1 9 4 2 5 3 2 1 1 2 2 1 1 1 2 1 2 1 1 2 1 1 1 1 1 1
Time : 1.494361 seconds

=====================
2015-12-06 11:20:46
32 threads
130 trees
13 iterations
9.099711 1.000000
101 1 21 1 2 3 1
Time : 0.678697 seconds

=====================
2015-12-06 11:20:46
32 threads
130 trees
13 iterations
6.496264 1.000000
130
Time : 0.467175 seconds

=====================
2015-12-06 11:20:47
32 threads
130 trees
13 iterations
6.496264 1.000000
130
Time : 0.466039 seconds

=====================
2015-12-06 11:20:48
32 threads
130 trees
13 iterations
13.741233 1.000000
8 10 3 30 2 1 1 10 1 2 5 3 1 2 12 3 5 1 2 3 1 2 3 1 1 1 3 1 1 1 2 1 1 1 1 1 1 1 1
Time : 1.240583 seconds

=====================
2015-12-06 11:20:49
32 threads
130 trees
13 iterations
13.470280 1.000000
3 7 4 10 1 4 10 1 2 15 6 4 11 2 2 6 1 4 3 2 4 4 1 1 3 1 1 1 2 1 3 4 1 1 1 2 1
Time : 1.009728 seconds

=====================
2015-12-06 11:20:50
32 threads
130 trees
13 iterations
9.959455 1.000000
28 20 4 39 6 17 6 3 2 3 1 1
Time : 0.410941 seconds

=====================
2015-12-06 11:20:51
32 threads
130 trees
13 iterations
10.825300 1.000000
6 2 27 24 17 1 9 24 5 1 5 2 1 2 1 1 1 1
Time : 0.669788 seconds

=====================
2015-12-06 11:20:51
32 threads
130 trees
13 iterations
11.262232 1.000000
1 22 30 10 4 20 2 3 5 8 8 1 3 2 1 1 2 1 1 2 1 1 1
Time : 0.742340 seconds

=====================
2015-12-06 11:20:52
32 threads
130 trees
13 iterations
11.262232 1.000000
1 22 30 10 4 20 2 3 5 8 8 1 3 2 1 1 2 1 1 2 1 1 1
Time : 0.792359 seconds

=====================
2015-12-06 11:20:53
32 threads
130 trees
13 iterations
11.402856 1.000000
17 11 12 2 2 9 14 15 2 4 4 8 3 2 2 1 4 1 10 2 2 1 1 1
Time : 0.832267 seconds

=====================
2015-12-06 11:20:54
32 threads
130 trees
13 iterations
14.227510 1.000000
3 9 8 2 3 7 7 5 4 3 3 3 2 12 5 2 12 3 2 1 2 2 1 4 1 3 1 3 1 1 1 4 1 1 1 1 1 2 2 1
Time : 1.121461 seconds

=====================
2015-12-06 11:20:55
32 threads
130 trees
13 iterations
9.318965 1.000000
12 4 8 38 57 6 2 1 1 1
Time : 0.575703 seconds

=====================
2015-12-06 11:20:56
32 threads
130 trees
13 iterations
11.333785 1.000000
27 2 11 3 3 12 26 1 1 2 9 8 1 1 3 3 1 3 2 5 2 1 1 1 1
Time : 1.040188 seconds

=====================
2015-12-06 11:20:57
32 threads
130 trees
13 iterations
13.947321 1.000000
11 15 5 3 3 2 2 1 1 4 1 2 6 8 7 8 1 1 1 1 2 1 4 6 2 8 1 1 5 2 3 1 2 1 2 3 2 1
Time : 1.218675 seconds

=====================
2015-12-06 11:20:59
32 threads
130 trees
13 iterations
13.193944 1.000000
2 1 8 1 2 1 9 10 10 3 9 7 6 10 1 1 4 3 9 1 6 1 1 3 2 1 2 2 1 2 1 1 1 1 1 1 1 1 1 1 1
Time : 1.241681 seconds

=====================
