2015-12-06 11:24:23
1 threads
160 trees
13 iterations
11.268957 1.000000
36 10 72 8 7 3 11 4 1 1 1 1 1 3 1
Time : 3.629904 seconds

=====================
2015-12-06 11:24:29
1 threads
160 trees
13 iterations
16.364690 1.000000
3 2 1 3 6 4 2 2 5 1 1 6 1 3 4 3 7 6 6 3 2 1 1 2 1 3 5 1 1 6 4 2 1 2 6 3 1 3 1 3 2 1 3 5 3 5 1 2 2 1 1 1 2 3 2 1 1 1 1 1 1 1 1
Time : 6.269367 seconds

=====================
2015-12-06 11:24:35
1 threads
160 trees
13 iterations
15.718724 1.000000
2 2 1 7 18 6 4 5 10 6 3 3 6 2 3 3 3 6 3 1 2 1 9 1 7 1 1 4 4 2 2 3 1 2 1 3 1 2 1 1 1 1 2 1 1 2 1 2 2 1 1 1 1
Time : 6.141490 seconds

=====================
2015-12-06 11:24:39
1 threads
160 trees
13 iterations
8.423054 1.000000
154 2 4
Time : 3.639046 seconds

=====================
2015-12-06 11:24:46
1 threads
160 trees
13 iterations
16.155808 1.000000
5 5 13 11 14 4 9 1 4 2 4 1 1 1 1 1 6 1 1 3 7 4 1 1 2 11 1 4 1 3 1 1 1 2 1 5 1 1 1 2 1 1 1 2 1 1 1 1 1 1 1 1 1 1 1 1 1 1 1 1
Time : 6.487554 seconds

=====================
2015-12-06 11:24:51
1 threads
160 trees
13 iterations
13.079867 1.000000
12 3 17 8 7 2 5 37 4 24 2 2 3 5 2 2 7 1 1 1 1 2 1 2 1 1 1 1 2 1 1 1
Time : 5.161932 seconds

=====================
2015-12-06 11:24:56
1 threads
160 trees
13 iterations
10.329582 1.000000
123 5 18 4 5 3 2
Time : 4.435951 seconds

=====================
2015-12-06 11:25:00
1 threads
160 trees
13 iterations
9.130939 1.000000
153 6 1
Time : 3.896909 seconds

=====================
2015-12-06 11:25:06
1 threads
160 trees
13 iterations
17.681760 1.000000
3 3 9 5 1 1 3 1 1 5 6 4 1 1 3 11 2 3 2 2 2 3 2 2 7 2 1 8 4 1 1 2 3 2 2 1 2 2 1 1 1 3 2 4 4 1 1 2 1 1 1 1 2 1 1 1 1 3 1 1 2 1 1 1 1 1 1 1 1 1
Time : 5.841535 seconds

=====================
2015-12-06 11:25:10
1 threads
160 trees
13 iterations
7.629026 1.000000
160
Time : 4.140462 seconds

=====================
2015-12-06 11:25:15
1 threads
160 trees
13 iterations
8.280099 1.000000
158 2
Time : 4.094250 seconds

=====================
2015-12-06 11:25:19
1 threads
160 trees
13 iterations
12.286789 1.000000
5 54 40 10 2 13 4 2 2 1 13 3 3 1 2 1 1 1 1 1
Time : 4.354092 seconds

=====================
2015-12-06 11:25:23
1 threads
160 trees
13 iterations
6.169209 1.000000
160
Time : 3.820751 seconds

=====================
2015-12-06 11:25:26
1 threads
160 trees
13 iterations
6.083381 1.000000
160
Time : 3.139068 seconds

=====================
2015-12-06 11:25:31
1 threads
160 trees
13 iterations
12.587181 1.000000
6 3 12 15 20 9 13 31 1 5 5 1 7 7 1 4 7 1 1 4 1 1 1 1 2 1
Time : 4.873723 seconds

=====================
2015-12-06 11:25:34
2 threads
160 trees
13 iterations
11.444767 1.000000
22 5 78 5 7 5 8 1 5 5 11 4 4
Time : 2.726621 seconds

=====================
2015-12-06 11:25:37
2 threads
160 trees
13 iterations
12.203724 1.000000
5 4 23 3 70 8 1 8 4 1 2 9 2 6 5 5 1 1 1 1
Time : 2.272498 seconds

=====================
2015-12-06 11:25:38
2 threads
160 trees
13 iterations
4.074354 1.000000
160
Time : 1.685843 seconds

=====================
2015-12-06 11:25:41
2 threads
160 trees
13 iterations
7.624559 1.000000
153 6 1
Time : 2.277178 seconds

=====================
2015-12-06 11:25:43
2 threads
160 trees
13 iterations
10.194794 1.000000
75 3 59 6 11 1 3 2
Time : 2.501622 seconds

=====================
2015-12-06 11:25:46
2 threads
160 trees
13 iterations
11.187054 1.000000
2 104 3 1 28 6 4 2 2 2 3 1 2
Time : 2.873837 seconds

=====================
2015-12-06 11:25:51
2 threads
160 trees
13 iterations
17.559187 1.000000
2 6 2 1 2 1 3 2 1 9 7 1 5 1 1 2 4 4 2 2 4 3 2 3 2 4 2 6 4 1 2 2 3 5 3 4 1 1 2 1 1 1 1 1 1 1 1 2 1 2 2 3 2 3 1 2 1 1 3 2 1 1 1 1 1 1 1 2 1 1 2 1 1
Time : 4.731035 seconds

=====================
2015-12-06 11:25:55
2 threads
160 trees
13 iterations
15.437102 1.000000
10 2 2 2 9 2 4 12 7 8 15 10 1 1 1 8 1 7 1 2 2 3 1 2 1 1 3 3 1 4 1 4 1 1 1 6 2 1 2 2 1 3 1 1 1 1 2 1 1 1
Time : 3.706887 seconds

=====================
2015-12-06 11:25:58
2 threads
160 trees
13 iterations
9.463008 1.000000
130 17 2 4 2 2 1 1 1
Time : 2.467537 seconds

=====================
2015-12-06 11:26:01
2 threads
160 trees
13 iterations
13.521199 1.000000
11 21 4 14 8 4 6 2 3 1 16 9 4 1 1 5 3 1 2 4 2 13 5 3 1 1 2 3 1 1 1 2 1 1 1 1 1
Time : 3.629811 seconds

=====================
2015-12-06 11:26:03
2 threads
160 trees
13 iterations
4.391511 1.000000
160
Time : 1.511001 seconds

=====================
2015-12-06 11:26:06
2 threads
160 trees
13 iterations
10.642125 1.000000
109 4 21 2 12 1 1 2 2 1 3 1 1
Time : 2.341301 seconds

=====================
2015-12-06 11:26:09
2 threads
160 trees
13 iterations
11.904540 1.000000
13 5 5 1 26 35 4 2 5 9 1 24 1 7 9 1 1 1 2 1 1 2 1 2 1
Time : 3.610328 seconds

=====================
2015-12-06 11:26:12
2 threads
160 trees
13 iterations
4.223714 1.000000
160
Time : 2.174680 seconds

=====================
2015-12-06 11:26:16
2 threads
160 trees
13 iterations
13.981874 1.000000
7 8 2 11 5 7 8 4 10 4 3 2 3 3 6 1 1 1 3 1 7 5 3 5 1 2 1 3 3 1 5 2 1 1 3 1 3 2 1 3 2 3 1 1 1 1 1 1 1 1 1 1 2
Time : 4.405560 seconds

=====================
2015-12-06 11:26:18
4 threads
160 trees
13 iterations
10.217006 1.000000
121 16 4 11 5 1 2
Time : 1.582963 seconds

=====================
2015-12-06 11:26:20
4 threads
160 trees
13 iterations
14.107213 1.000000
20 15 7 3 9 1 11 5 3 1 1 15 3 1 1 3 1 2 11 1 5 1 3 5 3 1 1 6 1 4 4 1 1 2 3 1 1 1 1 1
Time : 1.871758 seconds

=====================
2015-12-06 11:26:22
4 threads
160 trees
13 iterations
12.959519 1.000000
8 15 5 9 16 24 1 2 6 1 1 2 12 4 3 4 4 2 7 13 2 1 1 2 2 2 2 1 3 1 1 1 1 1
Time : 1.992536 seconds

=====================
2015-12-06 11:26:23
4 threads
160 trees
13 iterations
8.952211 1.000000
154 3 2 1
Time : 1.023663 seconds

=====================
2015-12-06 11:26:25
4 threads
160 trees
13 iterations
5.044176 1.000000
160
Time : 1.760716 seconds

=====================
2015-12-06 11:26:27
4 threads
160 trees
13 iterations
5.565995 1.000000
160
Time : 1.514431 seconds

=====================
2015-12-06 11:26:28
4 threads
160 trees
13 iterations
5.934363 1.000000
160
Time : 1.269597 seconds

=====================
2015-12-06 11:26:30
4 threads
160 trees
13 iterations
13.025926 1.000000
18 9 3 2 2 13 3 2 3 1 10 13 6 10 4 4 9 24 6 3 2 1 1 3 1 1 1 3 1 1
Time : 1.829661 seconds

=====================
2015-12-06 11:26:32
4 threads
160 trees
13 iterations
11.489421 1.000000
77 9 30 9 18 2 2 5 1 2 2 1 1 1
Time : 1.678944 seconds

=====================
2015-12-06 11:26:33
4 threads
160 trees
13 iterations
10.058439 1.000000
2 137 10 4 1 3 1 1 1
Time : 1.381745 seconds

=====================
2015-12-06 11:26:35
4 threads
160 trees
13 iterations
12.498815 1.000000
1 8 32 4 6 7 16 17 1 3 18 7 2 1 2 2 1 4 7 1 1 3 2 1 2 2 1 1 2 2 1 1 1
Time : 2.067114 seconds

=====================
2015-12-06 11:26:37
4 threads
160 trees
13 iterations
9.645827 1.000000
11 137 6 1 2 3
Time : 1.526925 seconds

=====================
2015-12-06 11:26:38
4 threads
160 trees
13 iterations
10.281747 1.000000
40 86 5 4 15 3 1 2 1 2 1
Time : 1.371099 seconds

=====================
2015-12-06 11:26:40
4 threads
160 trees
13 iterations
6.904026 1.000000
160
Time : 1.253191 seconds

=====================
2015-12-06 11:26:41
4 threads
160 trees
13 iterations
12.432376 1.000000
64 3 21 1 13 4 1 11 1 4 2 1 1 6 1 4 1 2 2 7 1 1 1 1 2 1 1 1 1
Time : 1.599550 seconds

=====================
2015-12-06 11:26:42
8 threads
160 trees
13 iterations
7.784708 1.000000
157 3
Time : 0.657566 seconds

=====================
2015-12-06 11:26:43
8 threads
160 trees
13 iterations
7.784708 1.000000
157 3
Time : 0.701429 seconds

=====================
2015-12-06 11:26:44
8 threads
160 trees
13 iterations
8.105431 1.000000
151 7 2
Time : 0.946625 seconds

=====================
2015-12-06 11:26:45
8 threads
160 trees
13 iterations
6.181760 1.000000
160
Time : 0.660398 seconds

=====================
2015-12-06 11:26:46
8 threads
160 trees
13 iterations
13.123847 1.000000
11 21 16 19 1 1 5 13 5 8 2 6 1 4 4 6 1 2 8 2 2 1 4 3 1 2 3 1 2 1 1 2 1
Time : 0.874976 seconds

=====================
2015-12-06 11:26:47
8 threads
160 trees
13 iterations
17.289468 1.000000
20 19 10 10 16 3 4 3 9 3 7 1 1 3 1 1 1 1 1 1 1 5 1 2 2 1 1 1 1 2 1 2 1 2 1 1 1 1 1 1 1 1 1 1 1 1 1 1 1 1 1 1 1 1 1 1
Time : 1.167186 seconds

=====================
2015-12-06 11:26:49
8 threads
160 trees
13 iterations
14.211902 1.000000
1 4 1 1 24 25 10 9 1 1 12 3 5 2 1 1 1 10 2 2 5 5 4 2 3 3 1 2 3 2 1 2 1 1 1 4 1 1 1 1
Time : 1.304204 seconds

=====================
2015-12-06 11:26:50
8 threads
160 trees
13 iterations
13.338555 1.000000
6 21 8 4 8 26 23 2 2 1 3 4 1 4 2 6 3 3 1 3 1 4 4 2 2 2 3 3 1 1 2 1 1 1 1
Time : 0.874968 seconds

=====================
2015-12-06 11:26:50
8 threads
160 trees
13 iterations
11.128158 1.000000
38 75 25 2 10 5 2 2 1
Time : 0.684858 seconds

=====================
2015-12-06 11:26:51
8 threads
160 trees
13 iterations
4.873844 1.000000
160
Time : 0.552086 seconds

=====================
2015-12-06 11:26:52
8 threads
160 trees
13 iterations
4.873844 1.000000
160
Time : 0.514891 seconds

=====================
2015-12-06 11:26:52
8 threads
160 trees
13 iterations
6.999909 1.000000
160
Time : 0.655009 seconds

=====================
2015-12-06 11:26:53
8 threads
160 trees
13 iterations
6.999909 1.000000
160
Time : 0.690218 seconds

=====================
2015-12-06 11:26:54
8 threads
160 trees
13 iterations
13.593344 1.000000
2 1 3 11 6 9 2 2 40 5 2 1 8 3 4 1 3 20 4 1 1 1 1 1 2 1 2 1 9 1 1 1 1 2 1 1 3 1 1
Time : 0.947154 seconds

=====================
2015-12-06 11:26:56
8 threads
160 trees
13 iterations
15.744147 1.000000
7 1 16 1 3 7 2 8 1 2 7 2 1 1 1 8 2 2 9 3 3 2 1 1 9 2 5 2 3 1 1 1 1 2 1 1 2 1 2 3 1 1 9 4 1 1 1 1 1 1 2 1 1 1 1 1 1 1 1 1
Time : 1.260163 seconds

=====================
2015-12-06 11:26:56
16 threads
160 trees
13 iterations
9.252275 1.000000
99 54 7
Time : 0.436663 seconds

=====================
2015-12-06 11:26:57
16 threads
160 trees
13 iterations
9.252275 1.000000
99 54 7
Time : 0.424649 seconds

=====================
2015-12-06 11:26:57
16 threads
160 trees
13 iterations
16.682505 1.000000
5 4 3 2 4 2 4 8 2 3 2 2 7 4 15 2 2 1 1 2 7 5 2 2 8 3 1 2 1 1 1 1 1 3 4 2 3 5 3 1 1 1 3 1 1 1 3 1 1 2 2 1 1 1 1 1 1 1 1 1 1 1 1
Time : 0.654340 seconds

=====================
2015-12-06 11:26:58
16 threads
160 trees
13 iterations
9.026309 1.000000
159 1
Time : 0.414074 seconds

=====================
2015-12-06 11:26:58
16 threads
160 trees
13 iterations
9.026309 1.000000
159 1
Time : 0.372209 seconds

=====================
2015-12-06 11:26:59
16 threads
160 trees
13 iterations
16.564877 1.000000
2 4 10 7 3 5 2 18 5 2 1 1 1 2 2 1 1 1 2 4 6 5 2 4 1 2 3 1 2 3 1 7 2 2 1 4 1 1 2 2 1 1 1 1 2 1 1 3 1 1 1 3 1 2 1 1 1 1 1 1 1 1 1 2 1 1 1
Time : 0.747702 seconds

=====================
2015-12-06 11:27:00
16 threads
160 trees
13 iterations
5.287373 1.000000
160
Time : 0.288290 seconds

=====================
2015-12-06 11:27:00
16 threads
160 trees
13 iterations
5.287373 1.000000
160
Time : 0.286140 seconds

=====================
2015-12-06 11:27:01
16 threads
160 trees
13 iterations
5.287373 1.000000
160
Time : 0.339268 seconds

=====================
2015-12-06 11:27:01
16 threads
160 trees
13 iterations
3.791558 1.000000
160
Time : 0.297357 seconds

=====================
2015-12-06 11:27:01
16 threads
160 trees
13 iterations
3.791558 1.000000
160
Time : 0.332642 seconds

=====================
2015-12-06 11:27:02
16 threads
160 trees
13 iterations
16.295051 1.000000
19 3 1 3 19 2 3 2 3 2 3 3 2 5 1 3 1 6 2 1 4 4 4 1 2 2 1 4 1 3 2 1 6 1 4 4 1 1 1 1 1 3 1 2 2 1 1 2 3 1 1 3 1 1 1 3 1
Time : 0.691892 seconds

=====================
2015-12-06 11:27:03
16 threads
160 trees
13 iterations
16.295051 1.000000
19 3 1 3 19 2 3 2 3 2 3 3 2 5 1 3 1 6 2 1 4 4 4 1 2 2 1 4 1 3 2 1 6 1 4 4 1 1 1 1 1 3 1 2 2 1 1 2 3 1 1 3 1 1 1 3 1
Time : 0.743626 seconds

=====================
2015-12-06 11:27:04
16 threads
160 trees
13 iterations
14.949209 1.000000
1 10 10 1 20 2 14 4 1 7 4 5 4 3 3 6 3 4 2 1 1 5 9 1 2 6 5 1 1 1 1 1 1 2 1 3 4 2 1 1 1 1 1 1 1 1
Time : 0.583747 seconds

=====================
2015-12-06 11:27:05
16 threads
160 trees
13 iterations
10.808929 1.000000
134 1 1 2 5 6 1 1 3 4 2
Time : 0.535684 seconds

=====================
2015-12-06 11:27:05
32 threads
160 trees
13 iterations
6.475776 1.000000
158 2
Time : 0.229902 seconds

=====================
2015-12-06 11:27:05
32 threads
160 trees
13 iterations
6.475776 1.000000
158 2
Time : 0.255576 seconds

=====================
2015-12-06 11:27:06
32 threads
160 trees
13 iterations
6.475776 1.000000
158 2
Time : 0.246947 seconds

=====================
2015-12-06 11:27:06
32 threads
160 trees
13 iterations
14.299832 1.000000
8 1 1 17 10 2 7 8 4 3 3 1 3 16 2 4 6 1 3 1 3 1 2 8 1 3 2 6 3 6 4 1 2 2 1 3 3 2 3 1 1 1
Time : 0.341093 seconds

=====================
2015-12-06 11:27:06
32 threads
160 trees
13 iterations
14.299832 1.000000
8 1 1 17 10 2 7 8 4 3 3 1 3 16 2 4 6 1 3 1 3 1 2 8 1 3 2 6 3 6 4 1 2 2 1 3 3 2 3 1 1 1
Time : 0.350201 seconds

=====================
2015-12-06 11:27:07
32 threads
160 trees
13 iterations
13.490118 1.000000
24 1 24 5 6 2 5 9 22 7 6 2 1 1 1 5 1 3 5 2 1 4 3 2 1 2 1 1 1 1 1 1 1 1 2 1 1 1 1 1
Time : 0.353279 seconds

=====================
2015-12-06 11:27:07
32 threads
160 trees
13 iterations
13.490118 1.000000
24 1 24 5 6 2 5 9 22 7 6 2 1 1 1 5 1 3 5 2 1 4 3 2 1 2 1 1 1 1 1 1 1 1 2 1 1 1 1 1
Time : 0.370146 seconds

=====================
2015-12-06 11:27:08
32 threads
160 trees
13 iterations
4.024446 1.000000
160
Time : 0.228850 seconds

=====================
2015-12-06 11:27:08
32 threads
160 trees
13 iterations
4.024446 1.000000
160
Time : 0.218842 seconds

=====================
2015-12-06 11:27:08
32 threads
160 trees
13 iterations
4.024446 1.000000
160
Time : 0.203155 seconds

=====================
2015-12-06 11:27:09
32 threads
160 trees
13 iterations
14.457434 1.000000
4 16 40 3 1 16 1 2 2 2 3 1 1 18 2 3 3 4 6 1 2 1 1 3 2 4 1 4 3 3 2 1 1 1 1 1
Time : 0.352518 seconds

=====================
2015-12-06 11:27:09
32 threads
160 trees
13 iterations
14.457434 1.000000
4 16 40 3 1 16 1 2 2 2 3 1 1 18 2 3 3 4 6 1 2 1 1 3 2 4 1 4 3 3 2 1 1 1 1 1
Time : 0.381100 seconds

=====================
2015-12-06 11:27:10
32 threads
160 trees
13 iterations
15.134963 1.000000
14 4 2 7 1 1 12 7 1 2 2 3 7 1 2 6 3 1 2 1 2 4 5 6 4 11 2 3 4 1 5 3 1 3 2 1 2 2 1 3 2 2 3 2 1 1 1 1 1 1 1
Time : 0.382872 seconds

=====================
2015-12-06 11:27:10
32 threads
160 trees
13 iterations
15.134963 1.000000
14 4 2 7 1 1 12 7 1 2 2 3 7 1 2 6 3 1 2 1 2 4 5 6 4 11 2 3 4 1 5 3 1 3 2 1 2 2 1 3 2 2 3 2 1 1 1 1 1 1 1
Time : 0.319124 seconds

=====================
2015-12-06 11:27:11
32 threads
160 trees
13 iterations
15.134963 1.000000
14 4 2 7 1 1 12 7 1 2 2 3 7 1 2 6 3 1 2 1 2 4 5 6 4 11 2 3 4 1 5 3 1 3 2 1 2 2 1 3 2 2 3 2 1 1 1 1 1 1 1
Time : 0.332376 seconds

=====================