2015-12-07 01:15:50
1 threads
110 trees
12 iterations
5.151641 1.000000
110 
Time : 1.573787 seconds

=====================
2015-12-07 01:15:52
1 threads
110 trees
12 iterations
13.098487 1.000000
8 2 6 3 22 3 3 6 1 3 3 3 5 1 1 1 1 2 3 3 1 3 3 2 4 1 1 2 1 1 3 1 2 1 1 1 2 
Time : 2.409424 seconds

=====================
2015-12-07 01:15:54
1 threads
110 trees
12 iterations
10.686042 1.000000
17 5 22 6 38 3 3 2 1 1 1 3 1 1 1 1 1 1 1 1 
Time : 1.923877 seconds

=====================
2015-12-07 01:15:56
1 threads
110 trees
12 iterations
7.833248 1.000000
97 10 1 1 1 
Time : 1.671877 seconds

=====================
2015-12-07 01:15:57
1 threads
110 trees
12 iterations
8.759895 1.000000
90 3 7 2 1 4 1 1 1 
Time : 1.428307 seconds

=====================
2015-12-07 01:15:59
1 threads
110 trees
12 iterations
6.569048 1.000000
108 2 
Time : 1.517941 seconds

=====================
2015-12-07 01:16:00
1 threads
110 trees
12 iterations
6.779168 1.000000
110 
Time : 1.414955 seconds

=====================
2015-12-07 01:16:03
1 threads
110 trees
12 iterations
13.692161 1.000000
10 15 1 10 5 1 6 1 1 2 4 2 5 1 1 2 1 3 3 1 1 1 2 2 2 4 1 1 3 1 3 3 1 1 1 1 3 1 1 1 1 
Time : 2.728954 seconds

=====================
2015-12-07 01:16:05
1 threads
110 trees
12 iterations
5.361950 1.000000
110 
Time : 1.665272 seconds

=====================
2015-12-07 01:16:06
1 threads
110 trees
12 iterations
5.056358 1.000000
110 
Time : 1.301444 seconds

=====================
2015-12-07 01:16:08
1 threads
110 trees
12 iterations
12.772108 1.000000
11 1 11 7 3 4 4 5 11 1 1 4 3 4 1 2 6 1 4 6 1 7 1 1 1 2 1 1 1 1 1 1 1 
Time : 2.010327 seconds

=====================
2015-12-07 01:16:10
1 threads
110 trees
12 iterations
13.139625 1.000000
2 3 4 4 1 4 7 6 2 5 4 3 2 3 2 6 4 1 7 8 1 1 1 2 1 1 4 1 4 1 1 1 1 1 2 3 1 1 1 1 1 1 
Time : 2.036471 seconds

=====================
2015-12-07 01:16:13
1 threads
110 trees
12 iterations
14.470230 1.000000
3 1 10 8 4 7 2 1 1 14 5 5 3 1 2 1 1 1 3 3 1 4 4 1 2 1 1 2 1 1 1 3 2 1 1 1 1 1 1 1 1 1 1 
Time : 2.188395 seconds

=====================
2015-12-07 01:16:14
1 threads
110 trees
12 iterations
3.780691 1.000000
110 
Time : 1.252332 seconds

=====================
2015-12-07 01:16:16
1 threads
110 trees
12 iterations
11.732287 1.000000
2 8 3 4 13 6 4 4 13 4 1 14 6 2 1 2 1 3 1 1 1 6 1 2 1 1 1 1 1 1 1 
Time : 1.942333 seconds

=====================
2015-12-07 01:16:18
1 threads
110 trees
12 iterations
10.967431 1.000000
3 7 10 6 12 6 3 4 11 4 3 5 5 2 1 6 5 3 6 3 1 1 1 1 1 
Time : 2.372283 seconds

=====================
2015-12-07 01:16:20
1 threads
110 trees
12 iterations
4.842913 1.000000
110 
Time : 1.905774 seconds

=====================
2015-12-07 01:16:22
1 threads
110 trees
12 iterations
7.947395 1.000000
59 45 2 3 1 
Time : 1.851895 seconds

=====================
2015-12-07 01:16:25
1 threads
110 trees
12 iterations
14.177688 1.000000
8 1 2 3 2 6 15 4 3 1 2 2 4 1 3 1 2 1 5 1 1 4 1 2 2 2 2 1 1 7 1 3 2 1 1 1 1 3 1 1 1 1 1 1 1 
Time : 2.363618 seconds

=====================
2015-12-07 01:16:27
1 threads
110 trees
12 iterations
11.430695 1.000000
6 11 1 6 3 3 2 3 10 2 1 8 2 4 1 4 1 2 7 5 2 2 5 3 1 4 1 2 2 1 1 1 1 2 
Time : 1.873418 seconds

=====================
2015-12-07 01:16:28
1 threads
110 trees
12 iterations
6.742373 1.000000
109 1 
Time : 1.426505 seconds

=====================
2015-12-07 01:16:30
1 threads
110 trees
12 iterations
4.560136 1.000000
110 
Time : 1.352663 seconds

=====================
2015-12-07 01:16:32
1 threads
110 trees
12 iterations
11.893025 1.000000
11 6 20 3 2 3 2 4 1 1 2 3 4 7 9 1 3 1 2 3 4 3 1 4 5 1 1 1 1 1 
Time : 2.093202 seconds

=====================
2015-12-07 01:16:33
1 threads
110 trees
12 iterations
8.816675 1.000000
82 6 4 16 2 
Time : 1.560088 seconds

=====================
2015-12-07 01:16:35
1 threads
110 trees
12 iterations
8.808507 1.000000
89 7 4 4 4 1 1 
Time : 1.865845 seconds

=====================
2015-12-07 01:16:38
1 threads
110 trees
12 iterations
14.725685 1.000000
1 1 1 19 6 9 1 3 4 7 2 2 1 8 2 1 3 2 2 1 2 2 1 1 1 1 1 1 1 1 2 1 4 3 2 1 2 1 2 2 1 1 
Time : 2.624141 seconds

=====================
2015-12-07 01:16:39
1 threads
110 trees
12 iterations
4.329502 1.000000
110 
Time : 1.348064 seconds

=====================
2015-12-07 01:16:42
1 threads
110 trees
12 iterations
9.558159 1.000000
52 35 2 8 6 1 1 5 
Time : 2.056968 seconds

=====================
2015-12-07 01:16:45
1 threads
110 trees
12 iterations
14.273737 1.000000
1 5 10 2 1 1 1 1 1 3 16 4 2 2 6 2 3 4 3 4 2 2 1 1 1 2 3 1 2 5 3 1 2 2 1 1 2 1 1 1 1 1 1 
Time : 3.011807 seconds

=====================
2015-12-07 01:16:46
1 threads
110 trees
12 iterations
5.453182 1.000000
110 
Time : 1.666068 seconds

=====================
2015-12-07 01:16:48
2 threads
110 trees
12 iterations
10.186704 1.000000
1 11 2 27 8 11 5 6 4 3 5 3 1 5 4 4 6 1 1 1 1 
Time : 1.082512 seconds

=====================
2015-12-07 01:16:48
2 threads
110 trees
12 iterations
8.501453 1.000000
82 11 3 9 4 1 
Time : 0.764464 seconds

=====================
2015-12-07 01:16:49
2 threads
110 trees
12 iterations
8.501453 1.000000
82 11 3 9 4 1 
Time : 0.852931 seconds

=====================
2015-12-07 01:16:50
2 threads
110 trees
12 iterations
5.447307 1.000000
110 
Time : 1.002167 seconds

=====================
2015-12-07 01:16:52
2 threads
110 trees
12 iterations
12.311440 1.000000
5 6 9 5 4 9 2 8 1 6 1 2 4 3 1 3 3 5 9 4 5 1 2 1 1 1 3 1 1 1 1 1 1 
Time : 1.490035 seconds

=====================
2015-12-07 01:16:53
2 threads
110 trees
12 iterations
8.836593 1.000000
41 19 47 1 1 1 
Time : 0.930344 seconds

=====================
2015-12-07 01:16:54
2 threads
110 trees
12 iterations
8.692954 1.000000
5 67 19 1 3 3 8 2 1 1 
Time : 0.876784 seconds

=====================
2015-12-07 01:16:56
2 threads
110 trees
12 iterations
14.248291 1.000000
3 1 15 6 1 3 1 1 1 4 2 4 1 1 12 1 1 5 1 2 1 4 1 3 2 2 5 1 1 1 3 2 2 1 1 1 1 1 1 1 2 1 1 1 2 1 1 
Time : 2.066103 seconds

=====================
2015-12-07 01:16:57
2 threads
110 trees
12 iterations
6.694648 1.000000
104 2 1 3 
Time : 1.182008 seconds

=====================
2015-12-07 01:16:59
2 threads
110 trees
12 iterations
5.200024 1.000000
110 
Time : 1.246574 seconds

=====================
2015-12-07 01:17:00
2 threads
110 trees
12 iterations
11.997859 1.000000
1 15 19 3 1 5 2 7 3 3 8 7 1 1 1 3 1 1 3 4 3 2 2 1 1 2 1 1 1 1 1 2 1 1 1 
Time : 1.605939 seconds

=====================
2015-12-07 01:17:02
2 threads
110 trees
12 iterations
14.091641 1.000000
5 10 5 9 12 2 3 1 2 4 1 1 2 1 1 1 2 3 2 4 5 4 1 2 1 1 1 1 4 2 1 2 1 1 1 1 1 1 1 1 1 1 2 1 1 
Time : 1.628668 seconds

=====================
2015-12-07 01:17:03
2 threads
110 trees
12 iterations
7.167491 1.000000
110 
Time : 1.055489 seconds

=====================
2015-12-07 01:17:04
2 threads
110 trees
12 iterations
8.216263 1.000000
82 2 11 1 3 11 
Time : 1.025760 seconds

=====================
2015-12-07 01:17:05
2 threads
110 trees
12 iterations
6.956371 1.000000
110 
Time : 0.828823 seconds

=====================
2015-12-07 01:17:06
2 threads
110 trees
12 iterations
7.427873 1.000000
109 1 
Time : 1.176494 seconds

=====================
2015-12-07 01:17:07
2 threads
110 trees
12 iterations
11.265856 1.000000
16 25 10 6 8 2 2 7 1 1 5 12 1 1 2 3 5 1 2 
Time : 1.020203 seconds

=====================
2015-12-07 01:17:08
2 threads
110 trees
12 iterations
6.497665 1.000000
110 
Time : 0.807733 seconds

=====================
2015-12-07 01:17:10
2 threads
110 trees
12 iterations
6.695820 1.000000
107 3 
Time : 1.330386 seconds

=====================
2015-12-07 01:17:11
2 threads
110 trees
12 iterations
3.890747 1.000000
110 
Time : 1.082425 seconds

=====================
2015-12-07 01:17:13
2 threads
110 trees
12 iterations
13.533466 1.000000
1 1 2 5 9 3 1 10 5 4 7 8 8 2 3 1 4 1 1 2 1 2 1 3 1 1 1 2 2 4 2 1 2 1 1 1 1 1 1 1 1 1 
Time : 1.959628 seconds

=====================
2015-12-07 01:17:14
2 threads
110 trees
12 iterations
14.163676 1.000000
8 3 6 8 2 1 4 5 1 2 2 2 2 2 2 5 2 2 2 2 7 1 7 4 3 1 1 3 3 1 1 1 1 1 1 1 1 1 3 1 1 1 1 1 
Time : 1.224635 seconds

=====================
2015-12-07 01:17:15
2 threads
110 trees
12 iterations
9.571826 1.000000
6 17 49 15 1 3 8 4 1 2 1 1 1 1 
Time : 1.343785 seconds

=====================
2015-12-07 01:17:17
2 threads
110 trees
12 iterations
6.919806 1.000000
110 
Time : 1.382350 seconds

=====================
2015-12-07 01:17:18
2 threads
110 trees
12 iterations
4.220202 1.000000
110 
Time : 0.984491 seconds

=====================
2015-12-07 01:17:19
2 threads
110 trees
12 iterations
6.972155 1.000000
109 1 
Time : 1.417685 seconds

=====================
2015-12-07 01:17:21
2 threads
110 trees
12 iterations
6.331961 1.000000
110 
Time : 1.095341 seconds

=====================
2015-12-07 01:17:22
2 threads
110 trees
12 iterations
10.930909 1.000000
13 7 4 13 3 21 3 12 5 8 2 1 1 3 1 1 2 1 2 1 1 1 1 1 2 
Time : 1.535614 seconds

=====================
2015-12-07 01:17:24
2 threads
110 trees
12 iterations
13.405900 1.000000
2 14 5 4 16 1 2 1 5 3 4 7 1 1 7 1 6 3 1 5 1 1 1 1 1 1 3 2 1 1 1 1 1 1 2 1 1 
Time : 1.721525 seconds

=====================
2015-12-07 01:17:26
2 threads
110 trees
12 iterations
12.948292 1.000000
8 6 4 2 8 3 4 4 7 1 2 5 2 10 4 2 2 3 1 4 3 1 3 1 1 3 5 1 1 1 1 1 1 1 2 1 1 
Time : 1.514201 seconds

=====================
2015-12-07 01:17:26
4 threads
110 trees
12 iterations
6.845375 1.000000
100 6 4 
Time : 0.471803 seconds

=====================
2015-12-07 01:17:27
4 threads
110 trees
12 iterations
6.845375 1.000000
100 6 4 
Time : 0.566091 seconds

=====================
2015-12-07 01:17:28
4 threads
110 trees
12 iterations
14.319421 1.000000
4 2 12 3 1 4 6 7 3 1 4 3 7 2 3 3 2 1 1 3 3 1 3 1 1 2 3 1 1 1 1 1 3 2 1 1 2 1 1 1 1 1 1 1 1 1 1 
Time : 0.843045 seconds

=====================
2015-12-07 01:17:29
4 threads
110 trees
12 iterations
11.393339 1.000000
5 11 4 18 9 1 2 5 18 3 2 8 2 4 1 1 1 1 2 1 1 1 2 2 2 2 1 
Time : 0.790953 seconds

=====================
2015-12-07 01:17:30
4 threads
110 trees
12 iterations
14.709551 1.000000
3 2 2 2 2 5 7 4 6 2 11 4 1 1 1 2 3 4 2 1 6 1 1 2 1 2 1 5 1 1 1 1 1 1 2 3 1 1 1 1 1 1 1 1 1 1 1 1 1 1 1 
Time : 0.954929 seconds

=====================
2015-12-07 01:17:30
4 threads
110 trees
12 iterations
12.313748 1.000000
6 1 7 8 5 1 4 1 9 10 3 8 5 7 1 1 1 2 2 6 3 5 2 2 1 2 4 1 1 1 
Time : 0.685063 seconds

=====================
2015-12-07 01:17:31
4 threads
110 trees
12 iterations
12.313748 1.000000
6 1 7 8 5 1 4 1 9 10 3 8 5 7 1 1 1 2 2 6 3 5 2 2 1 2 4 1 1 1 
Time : 0.799589 seconds

=====================
2015-12-07 01:17:32
4 threads
110 trees
12 iterations
4.406710 1.000000
110 
Time : 0.435127 seconds

=====================
2015-12-07 01:17:33
4 threads
110 trees
12 iterations
12.932716 1.000000
1 7 3 6 10 5 4 3 3 3 9 5 8 3 1 3 3 2 3 1 1 2 3 1 2 1 1 1 1 1 1 1 1 1 1 1 1 1 1 1 1 1 1 
Time : 0.930505 seconds

=====================
2015-12-07 01:17:34
4 threads
110 trees
12 iterations
11.104973 1.000000
20 19 4 7 15 2 2 8 1 1 1 1 9 1 3 4 1 2 1 1 1 2 2 2 
Time : 0.799695 seconds

=====================
2015-12-07 01:17:35
4 threads
110 trees
12 iterations
11.841030 1.000000
31 17 1 1 5 1 6 4 3 1 2 13 2 1 1 2 3 1 3 2 1 1 1 2 1 1 1 1 1 
Time : 0.952534 seconds

=====================
2015-12-07 01:17:36
4 threads
110 trees
12 iterations
11.844789 1.000000
3 4 3 1 7 2 2 21 5 2 2 7 2 1 1 1 5 5 4 2 2 1 5 1 5 2 1 1 2 2 1 1 2 1 1 1 1 
Time : 0.954521 seconds

=====================
2015-12-07 01:17:37
4 threads
110 trees
12 iterations
12.487253 1.000000
6 3 2 6 5 2 5 15 1 3 1 14 4 1 2 2 5 6 3 1 1 4 2 1 1 3 3 1 2 2 1 2 
Time : 0.820792 seconds

=====================
2015-12-07 01:17:37
4 threads
110 trees
12 iterations
4.849356 1.000000
110 
Time : 0.471008 seconds

=====================
2015-12-07 01:17:38
4 threads
110 trees
12 iterations
4.849356 1.000000
110 
Time : 0.420633 seconds

=====================
2015-12-07 01:17:38
4 threads
110 trees
12 iterations
6.854209 1.000000
105 5 
Time : 0.478658 seconds

=====================
2015-12-07 01:17:39
4 threads
110 trees
12 iterations
6.854209 1.000000
105 5 
Time : 0.538408 seconds

=====================
2015-12-07 01:17:39
4 threads
110 trees
12 iterations
7.507533 1.000000
104 1 5 
Time : 0.563462 seconds

=====================
2015-12-07 01:17:40
4 threads
110 trees
12 iterations
7.507533 1.000000
104 1 5 
Time : 0.595884 seconds

=====================
2015-12-07 01:17:40
4 threads
110 trees
12 iterations
5.940241 1.000000
110 
Time : 0.517963 seconds

=====================
2015-12-07 01:17:41
4 threads
110 trees
12 iterations
5.940241 1.000000
110 
Time : 0.520628 seconds

=====================
2015-12-07 01:17:42
4 threads
110 trees
12 iterations
9.210003 1.000000
20 78 3 6 1 1 1 
Time : 0.762937 seconds

=====================
2015-12-07 01:17:42
4 threads
110 trees
12 iterations
6.523375 1.000000
110 
Time : 0.561537 seconds

=====================
2015-12-07 01:17:43
4 threads
110 trees
12 iterations
6.523375 1.000000
110 
Time : 0.580405 seconds

=====================
2015-12-07 01:17:44
4 threads
110 trees
12 iterations
13.971493 1.000000
1 5 6 9 11 13 1 5 3 6 2 2 3 3 4 2 5 3 2 1 3 5 3 1 2 1 1 1 1 1 1 1 1 1 
Time : 0.777453 seconds

=====================
2015-12-07 01:17:45
4 threads
110 trees
12 iterations
11.433379 1.000000
17 15 6 1 10 11 14 1 2 3 4 6 3 1 7 1 1 2 1 1 1 1 1 
Time : 0.687981 seconds

=====================
2015-12-07 01:17:45
4 threads
110 trees
12 iterations
7.807484 1.000000
45 36 19 5 1 1 2 1 
Time : 0.575831 seconds

=====================
2015-12-07 01:17:46
4 threads
110 trees
12 iterations
7.807484 1.000000
45 36 19 5 1 1 2 1 
Time : 0.590439 seconds

=====================
2015-12-07 01:17:47
4 threads
110 trees
12 iterations
6.083528 1.000000
110 
Time : 0.603623 seconds

=====================
2015-12-07 01:17:48
4 threads
110 trees
12 iterations
14.713526 1.000000
2 2 1 2 8 4 6 4 4 3 2 2 1 5 6 1 5 6 1 1 3 2 1 1 3 2 3 1 1 1 3 2 3 1 1 1 1 1 3 1 1 1 1 1 1 1 1 1 1 
Time : 0.996624 seconds

=====================
2015-12-07 01:17:48
8 threads
110 trees
12 iterations
7.944831 1.000000
109 1 
Time : 0.317779 seconds

=====================
2015-12-07 01:17:48
8 threads
110 trees
12 iterations
7.944831 1.000000
109 1 
Time : 0.321740 seconds

=====================
2015-12-07 01:17:49
8 threads
110 trees
12 iterations
7.944831 1.000000
109 1 
Time : 0.270008 seconds

=====================
2015-12-07 01:17:49
8 threads
110 trees
12 iterations
9.166028 1.000000
76 20 6 2 2 1 2 1 
Time : 0.392714 seconds

=====================
2015-12-07 01:17:50
8 threads
110 trees
12 iterations
9.166028 1.000000
76 20 6 2 2 1 2 1 
Time : 0.366587 seconds

=====================
2015-12-07 01:17:50
8 threads
110 trees
12 iterations
12.593008 1.000000
5 1 3 3 17 4 2 8 1 1 1 7 4 1 4 2 2 7 4 1 1 9 1 1 6 1 1 1 1 1 1 2 1 1 1 1 1 1 
Time : 0.532168 seconds

=====================
2015-12-07 01:17:51
8 threads
110 trees
12 iterations
12.593008 1.000000
5 1 3 3 17 4 2 8 1 1 1 7 4 1 4 2 2 7 4 1 1 9 1 1 6 1 1 1 1 1 1 2 1 1 1 1 1 1 
Time : 0.550235 seconds

=====================
2015-12-07 01:17:51
8 threads
110 trees
12 iterations
12.063723 1.000000
3 18 2 7 14 7 13 1 4 1 5 1 1 3 2 2 3 1 8 2 1 2 1 1 1 1 1 1 1 1 1 
Time : 0.422721 seconds

=====================
2015-12-07 01:17:52
8 threads
110 trees
12 iterations
12.063723 1.000000
3 18 2 7 14 7 13 1 4 1 5 1 1 3 2 2 3 1 8 2 1 2 1 1 1 1 1 1 1 1 1 
Time : 0.428717 seconds

=====================
2015-12-07 01:17:52
8 threads
110 trees
12 iterations
13.623094 1.000000
1 3 2 6 3 1 3 3 6 1 1 9 6 4 3 1 8 1 5 3 1 2 1 8 3 2 1 4 4 3 2 1 1 1 1 1 1 1 1 1 
Time : 0.485225 seconds

=====================
2015-12-07 01:17:53
8 threads
110 trees
12 iterations
13.623094 1.000000
1 3 2 6 3 1 3 3 6 1 1 9 6 4 3 1 8 1 5 3 1 2 1 8 3 2 1 4 4 3 2 1 1 1 1 1 1 1 1 1 
Time : 0.451826 seconds

=====================
2015-12-07 01:17:53
8 threads
110 trees
12 iterations
14.372882 1.000000
5 1 2 3 7 1 3 5 5 3 3 1 5 2 1 3 2 1 5 1 2 1 1 3 3 2 2 1 8 3 1 2 1 1 3 3 1 2 1 3 1 1 2 1 1 1 
Time : 0.512354 seconds

=====================
2015-12-07 01:17:54
8 threads
110 trees
12 iterations
14.372882 1.000000
5 1 2 3 7 1 3 5 5 3 3 1 5 2 1 3 2 1 5 1 2 1 1 3 3 2 2 1 8 3 1 2 1 1 3 3 1 2 1 3 1 1 2 1 1 1 
Time : 0.514445 seconds

=====================
2015-12-07 01:17:54
8 threads
110 trees
12 iterations
5.871281 1.000000
105 4 1 
Time : 0.313472 seconds

=====================
2015-12-07 01:17:55
8 threads
110 trees
12 iterations
5.871281 1.000000
105 4 1 
Time : 0.269016 seconds

=====================
2015-12-07 01:17:55
8 threads
110 trees
12 iterations
12.298316 1.000000
1 1 2 10 1 5 4 14 3 8 2 1 5 8 2 1 4 1 1 4 1 1 2 2 1 1 3 1 5 1 1 3 1 1 2 1 1 1 1 1 1 
Time : 0.538892 seconds

=====================
2015-12-07 01:17:56
8 threads
110 trees
12 iterations
12.298316 1.000000
1 1 2 10 1 5 4 14 3 8 2 1 5 8 2 1 4 1 1 4 1 1 2 2 1 1 3 1 5 1 1 3 1 1 2 1 1 1 1 1 1 
Time : 0.552021 seconds

=====================
2015-12-07 01:17:56
8 threads
110 trees
12 iterations
11.254743 1.000000
21 6 6 12 10 15 1 1 6 1 1 2 3 1 1 4 2 7 2 3 1 1 1 1 1 
Time : 0.453185 seconds

=====================
2015-12-07 01:17:57
8 threads
110 trees
12 iterations
11.254743 1.000000
21 6 6 12 10 15 1 1 6 1 1 2 3 1 1 4 2 7 2 3 1 1 1 1 1 
Time : 0.451247 seconds

=====================
2015-12-07 01:17:57
8 threads
110 trees
12 iterations
4.233385 1.000000
110 
Time : 0.291323 seconds

=====================
2015-12-07 01:17:58
8 threads
110 trees
12 iterations
4.233385 1.000000
110 
Time : 0.319711 seconds

=====================
2015-12-07 01:17:58
8 threads
110 trees
12 iterations
11.833299 1.000000
6 6 5 5 17 19 8 2 3 8 9 4 3 1 2 1 1 1 1 3 1 1 1 1 1 
Time : 0.407230 seconds

=====================
2015-12-07 01:17:59
8 threads
110 trees
12 iterations
11.833299 1.000000
6 6 5 5 17 19 8 2 3 8 9 4 3 1 2 1 1 1 1 3 1 1 1 1 1 
Time : 0.425440 seconds

=====================
2015-12-07 01:17:59
8 threads
110 trees
12 iterations
8.899513 1.000000
7 90 1 3 1 5 2 1 
Time : 0.344828 seconds

=====================
2015-12-07 01:17:59
8 threads
110 trees
12 iterations
8.899513 1.000000
7 90 1 3 1 5 2 1 
Time : 0.343786 seconds

=====================
2015-12-07 01:18:00
8 threads
110 trees
12 iterations
8.899513 1.000000
7 90 1 3 1 5 2 1 
Time : 0.365616 seconds

=====================
2015-12-07 01:18:00
8 threads
110 trees
12 iterations
12.359512 1.000000
7 3 3 6 13 16 7 10 3 1 5 1 3 7 1 1 1 1 1 1 2 1 7 1 1 1 1 2 1 1 1 
Time : 0.520621 seconds

=====================
2015-12-07 01:18:01
8 threads
110 trees
12 iterations
12.359512 1.000000
7 3 3 6 13 16 7 10 3 1 5 1 3 7 1 1 1 1 1 1 2 1 7 1 1 1 1 2 1 1 1 
Time : 0.451497 seconds

=====================
2015-12-07 01:18:01
8 threads
110 trees
12 iterations
9.674776 1.000000
33 6 36 5 8 6 7 3 2 2 2 
Time : 0.363325 seconds

=====================
2015-12-07 01:18:02
8 threads
110 trees
12 iterations
9.674776 1.000000
33 6 36 5 8 6 7 3 2 2 2 
Time : 0.374492 seconds

=====================
2015-12-07 01:18:02
16 threads
110 trees
12 iterations
4.424263 1.000000
110 
Time : 0.134633 seconds

=====================
2015-12-07 01:18:02
16 threads
110 trees
12 iterations
4.424263 1.000000
110 
Time : 0.137100 seconds

=====================
2015-12-07 01:18:02
16 threads
110 trees
12 iterations
4.424263 1.000000
110 
Time : 0.117600 seconds

=====================
2015-12-07 01:18:02
16 threads
110 trees
12 iterations
4.424263 1.000000
110 
Time : 0.141868 seconds

=====================
2015-12-07 01:18:03
16 threads
110 trees
12 iterations
4.424263 1.000000
110 
Time : 0.139781 seconds

=====================
2015-12-07 01:18:03
16 threads
110 trees
12 iterations
6.102639 1.000000
110 
Time : 0.148033 seconds

=====================
2015-12-07 01:18:03
16 threads
110 trees
12 iterations
6.102639 1.000000
110 
Time : 0.137515 seconds

=====================
2015-12-07 01:18:03
16 threads
110 trees
12 iterations
6.102639 1.000000
110 
Time : 0.152635 seconds

=====================
2015-12-07 01:18:03
16 threads
110 trees
12 iterations
6.102639 1.000000
110 
Time : 0.174363 seconds

=====================
2015-12-07 01:18:04
16 threads
110 trees
12 iterations
6.102639 1.000000
110 
Time : 0.155004 seconds

=====================
2015-12-07 01:18:04
16 threads
110 trees
12 iterations
14.137145 1.000000
3 1 4 7 1 6 2 4 4 17 8 2 1 1 7 1 1 1 1 3 1 1 1 1 2 1 2 4 4 2 1 1 1 2 1 1 1 2 1 1 1 1 1 1 
Time : 0.288692 seconds

=====================
2015-12-07 01:18:04
16 threads
110 trees
12 iterations
14.137145 1.000000
3 1 4 7 1 6 2 4 4 17 8 2 1 1 7 1 1 1 1 3 1 1 1 1 2 1 2 4 4 2 1 1 1 2 1 1 1 2 1 1 1 1 1 1 
Time : 0.291649 seconds

=====================
2015-12-07 01:18:05
16 threads
110 trees
12 iterations
14.137145 1.000000
3 1 4 7 1 6 2 4 4 17 8 2 1 1 7 1 1 1 1 3 1 1 1 1 2 1 2 4 4 2 1 1 1 2 1 1 1 2 1 1 1 1 1 1 
Time : 0.285945 seconds

=====================
2015-12-07 01:18:05
16 threads
110 trees
12 iterations
8.328328 1.000000
23 72 14 1 
Time : 0.198853 seconds

=====================
2015-12-07 01:18:05
16 threads
110 trees
12 iterations
8.328328 1.000000
23 72 14 1 
Time : 0.185573 seconds

=====================
2015-12-07 01:18:05
16 threads
110 trees
12 iterations
8.328328 1.000000
23 72 14 1 
Time : 0.183298 seconds

=====================
2015-12-07 01:18:06
16 threads
110 trees
12 iterations
8.328328 1.000000
23 72 14 1 
Time : 0.204194 seconds

=====================
2015-12-07 01:18:06
16 threads
110 trees
12 iterations
13.442569 1.000000
10 8 3 1 1 2 4 1 1 4 2 4 6 2 11 2 4 4 3 2 1 3 5 2 2 3 2 1 1 1 1 1 1 3 1 1 1 4 1 
Time : 0.248318 seconds

=====================
2015-12-07 01:18:06
16 threads
110 trees
12 iterations
13.442569 1.000000
10 8 3 1 1 2 4 1 1 4 2 4 6 2 11 2 4 4 3 2 1 3 5 2 2 3 2 1 1 1 1 1 1 3 1 1 1 4 1 
Time : 0.249668 seconds

=====================
2015-12-07 01:18:07
16 threads
110 trees
12 iterations
13.442569 1.000000
10 8 3 1 1 2 4 1 1 4 2 4 6 2 11 2 4 4 3 2 1 3 5 2 2 3 2 1 1 1 1 1 1 3 1 1 1 4 1 
Time : 0.229592 seconds

=====================
2015-12-07 01:18:07
16 threads
110 trees
12 iterations
11.101547 1.000000
2 13 22 5 27 6 5 4 5 1 1 2 5 2 2 1 2 2 2 1 
Time : 0.192221 seconds

=====================
2015-12-07 01:18:07
16 threads
110 trees
12 iterations
11.101547 1.000000
2 13 22 5 27 6 5 4 5 1 1 2 5 2 2 1 2 2 2 1 
Time : 0.175580 seconds

=====================
2015-12-07 01:18:07
16 threads
110 trees
12 iterations
11.101547 1.000000
2 13 22 5 27 6 5 4 5 1 1 2 5 2 2 1 2 2 2 1 
Time : 0.206893 seconds

=====================
2015-12-07 01:18:08
16 threads
110 trees
12 iterations
11.101547 1.000000
2 13 22 5 27 6 5 4 5 1 1 2 5 2 2 1 2 2 2 1 
Time : 0.196355 seconds

=====================
2015-12-07 01:18:08
16 threads
110 trees
12 iterations
12.284471 1.000000
10 17 4 1 19 4 11 2 6 1 3 9 1 5 2 1 1 1 2 2 1 3 1 1 1 1 
Time : 0.243374 seconds

=====================
2015-12-07 01:18:08
16 threads
110 trees
12 iterations
12.284471 1.000000
10 17 4 1 19 4 11 2 6 1 3 9 1 5 2 1 1 1 2 2 1 3 1 1 1 1 
Time : 0.240795 seconds

=====================
2015-12-07 01:18:08
16 threads
110 trees
12 iterations
12.284471 1.000000
10 17 4 1 19 4 11 2 6 1 3 9 1 5 2 1 1 1 2 2 1 3 1 1 1 1 
Time : 0.239198 seconds

=====================
2015-12-07 01:18:09
16 threads
110 trees
12 iterations
12.284471 1.000000
10 17 4 1 19 4 11 2 6 1 3 9 1 5 2 1 1 1 2 2 1 3 1 1 1 1 
Time : 0.226658 seconds

=====================
2015-12-07 01:18:09
16 threads
110 trees
12 iterations
10.548428 1.000000
9 7 1 10 4 13 9 2 3 8 12 2 5 3 1 2 1 1 1 1 1 1 1 3 1 1 1 1 2 1 1 1 
Time : 0.281223 seconds

=====================
2015-12-07 01:18:09
16 threads
110 trees
12 iterations
10.548428 1.000000
9 7 1 10 4 13 9 2 3 8 12 2 5 3 1 2 1 1 1 1 1 1 1 3 1 1 1 1 2 1 1 1 
Time : 0.276817 seconds

=====================
2015-12-07 01:18:10
32 threads
110 trees
12 iterations
10.548428 1.000000
9 7 1 10 4 13 9 2 3 8 12 2 5 3 1 2 1 1 1 1 1 1 1 3 1 1 1 1 2 1 1 1 
Time : 0.183828 seconds

=====================
2015-12-07 01:18:10
32 threads
110 trees
12 iterations
6.663208 1.000000
109 1 
Time : 0.145414 seconds

=====================
2015-12-07 01:18:10
32 threads
110 trees
12 iterations
6.663208 1.000000
109 1 
Time : 0.152738 seconds

=====================
2015-12-07 01:18:10
32 threads
110 trees
12 iterations
6.663208 1.000000
109 1 
Time : 0.130778 seconds

=====================
2015-12-07 01:18:10
32 threads
110 trees
12 iterations
6.663208 1.000000
109 1 
Time : 0.149435 seconds

=====================
2015-12-07 01:18:11
32 threads
110 trees
12 iterations
14.827531 1.000000
8 13 2 2 1 4 2 2 2 3 3 2 1 1 2 1 2 2 1 2 1 2 1 1 1 1 2 1 7 1 2 1 3 1 1 3 1 2 1 1 1 1 1 1 1 1 1 2 1 1 1 2 1 1 1 1 1 1 
Time : 0.201734 seconds

=====================
2015-12-07 01:18:11
32 threads
110 trees
12 iterations
14.827531 1.000000
8 13 2 2 1 4 2 2 2 3 3 2 1 1 2 1 2 2 1 2 1 2 1 1 1 1 2 1 7 1 2 1 3 1 1 3 1 2 1 1 1 1 1 1 1 1 1 2 1 1 1 2 1 1 1 1 1 1 
Time : 0.201915 seconds

=====================
2015-12-07 01:18:11
32 threads
110 trees
12 iterations
14.827531 1.000000
8 13 2 2 1 4 2 2 2 3 3 2 1 1 2 1 2 2 1 2 1 2 1 1 1 1 2 1 7 1 2 1 3 1 1 3 1 2 1 1 1 1 1 1 1 1 1 2 1 1 1 2 1 1 1 1 1 1 
Time : 0.214647 seconds

=====================
2015-12-07 01:18:12
32 threads
110 trees
12 iterations
14.827531 1.000000
8 13 2 2 1 4 2 2 2 3 3 2 1 1 2 1 2 2 1 2 1 2 1 1 1 1 2 1 7 1 2 1 3 1 1 3 1 2 1 1 1 1 1 1 1 1 1 2 1 1 1 2 1 1 1 1 1 1 
Time : 0.211846 seconds

=====================
2015-12-07 01:18:12
32 threads
110 trees
12 iterations
5.500088 1.000000
110 
Time : 0.109417 seconds

=====================
2015-12-07 01:18:12
32 threads
110 trees
12 iterations
5.500088 1.000000
110 
Time : 0.096391 seconds

=====================
2015-12-07 01:18:12
32 threads
110 trees
12 iterations
5.500088 1.000000
110 
Time : 0.105144 seconds

=====================
2015-12-07 01:18:12
32 threads
110 trees
12 iterations
5.500088 1.000000
110 
Time : 0.095292 seconds

=====================
2015-12-07 01:18:12
32 threads
110 trees
12 iterations
5.500088 1.000000
110 
Time : 0.107117 seconds

=====================
2015-12-07 01:18:12
32 threads
110 trees
12 iterations
5.500088 1.000000
110 
Time : 0.092686 seconds

=====================
2015-12-07 01:18:13
32 threads
110 trees
12 iterations
12.678458 1.000000
10 9 1 3 6 1 2 2 2 10 6 5 2 2 1 3 2 3 1 3 3 1 1 4 4 2 1 2 1 1 1 1 3 3 2 1 1 2 1 1 
Time : 0.172100 seconds

=====================
2015-12-07 01:18:13
32 threads
110 trees
12 iterations
12.678458 1.000000
10 9 1 3 6 1 2 2 2 10 6 5 2 2 1 3 2 3 1 3 3 1 1 4 4 2 1 2 1 1 1 1 3 3 2 1 1 2 1 1 
Time : 0.179565 seconds

=====================
2015-12-07 01:18:13
32 threads
110 trees
12 iterations
12.678458 1.000000
10 9 1 3 6 1 2 2 2 10 6 5 2 2 1 3 2 3 1 3 3 1 1 4 4 2 1 2 1 1 1 1 3 3 2 1 1 2 1 1 
Time : 0.174709 seconds

=====================
2015-12-07 01:18:13
32 threads
110 trees
12 iterations
12.678458 1.000000
10 9 1 3 6 1 2 2 2 10 6 5 2 2 1 3 2 3 1 3 3 1 1 4 4 2 1 2 1 1 1 1 3 3 2 1 1 2 1 1 
Time : 0.185551 seconds

=====================
2015-12-07 01:18:14
32 threads
110 trees
12 iterations
12.678458 1.000000
10 9 1 3 6 1 2 2 2 10 6 5 2 2 1 3 2 3 1 3 3 1 1 4 4 2 1 2 1 1 1 1 3 3 2 1 1 2 1 1 
Time : 0.175236 seconds

=====================
2015-12-07 01:18:14
32 threads
110 trees
12 iterations
7.550765 1.000000
110 
Time : 0.117059 seconds

=====================
2015-12-07 01:18:14
32 threads
110 trees
12 iterations
7.550765 1.000000
110 
Time : 0.115384 seconds

=====================
2015-12-07 01:18:14
32 threads
110 trees
12 iterations
7.550765 1.000000
110 
Time : 0.108824 seconds

=====================
2015-12-07 01:18:14
32 threads
110 trees
12 iterations
7.550765 1.000000
110 
Time : 0.131060 seconds

=====================
2015-12-07 01:18:15
32 threads
110 trees
12 iterations
7.550765 1.000000
110 
Time : 0.111328 seconds

=====================
2015-12-07 01:18:15
32 threads
110 trees
12 iterations
6.141431 1.000000
110 
Time : 0.074864 seconds

=====================
2015-12-07 01:18:15
32 threads
110 trees
12 iterations
6.141431 1.000000
110 
Time : 0.096080 seconds

=====================
2015-12-07 01:18:15
32 threads
110 trees
12 iterations
6.141431 1.000000
110 
Time : 0.090771 seconds

=====================
2015-12-07 01:18:15
32 threads
110 trees
12 iterations
6.141431 1.000000
110 
Time : 0.081245 seconds

=====================
2015-12-07 01:18:15
32 threads
110 trees
12 iterations
6.141431 1.000000
110 
Time : 0.089967 seconds

=====================
