2015-12-06 11:27:53
1 threads
160 trees
13 iterations
4.651268 1.000000
160
Time : 2.791648 seconds

=====================
2015-12-06 11:28:00
1 threads
160 trees
13 iterations
17.282844 1.000000
11 9 11 3 1 1 1 4 1 1 9 2 1 1 4 1 4 1 1 1 1 2 1 2 4 1 1 1 1 1 3 2 1 2 2 1 1 1 1 1 1 3 1 2 2 1 1 2 1 2 1 3 3 1 1 1 1 1 3 1 1 1 1 1 1 1 2 1 3 1 1 1 1 2 2 1 1 1 1 1 1 1 1 1 1
Time : 7.238495 seconds

=====================
2015-12-06 11:28:04
1 threads
160 trees
13 iterations
13.699539 1.000000
1 8 10 12 4 28 2 6 2 4 10 12 11 11 3 2 2 7 3 2 1 3 2 1 1 2 2 2 2 1 3
Time : 3.976735 seconds

=====================
2015-12-06 11:28:08
1 threads
160 trees
13 iterations
5.101262 1.000000
160
Time : 3.313687 seconds

=====================
2015-12-06 11:28:12
1 threads
160 trees
13 iterations
9.995983 1.000000
29 112 8 2 1 5 1 2
Time : 4.520132 seconds

=====================
2015-12-06 11:28:17
1 threads
160 trees
13 iterations
11.352910 1.000000
123 16 3 12 1 1 2 1 1
Time : 4.931038 seconds

=====================
2015-12-06 11:28:22
1 threads
160 trees
13 iterations
12.264377 1.000000
14 30 5 1 7 6 18 30 2 4 4 1 6 5 1 4 1 3 5 3 3 1 3 1 1 1
Time : 4.647738 seconds

=====================
2015-12-06 11:28:27
1 threads
160 trees
13 iterations
12.107549 1.000000
19 20 2 7 1 4 1 55 9 1 12 2 7 5 2 2 2 1 1 3 1 1 1 1
Time : 4.354853 seconds

=====================
2015-12-06 11:28:31
1 threads
160 trees
13 iterations
9.225389 1.000000
149 6 2 3
Time : 3.836905 seconds

=====================
2015-12-06 11:28:35
1 threads
160 trees
13 iterations
12.406513 1.000000
27 44 2 4 7 2 14 12 6 4 8 14 1 6 1 1 3 1 1 1 1
Time : 4.110293 seconds

=====================
2015-12-06 11:28:40
1 threads
160 trees
13 iterations
6.829305 1.000000
160
Time : 4.489294 seconds

=====================
2015-12-06 11:28:43
1 threads
160 trees
13 iterations
4.295806 1.000000
160
Time : 3.202133 seconds

=====================
2015-12-06 11:28:50
1 threads
160 trees
13 iterations
17.480936 1.000000
15 7 4 4 1 1 2 6 1 8 3 1 3 2 1 5 1 1 4 1 11 6 1 3 2 1 1 1 2 3 1 1 1 3 2 4 3 3 1 3 1 4 5 1 1 2 1 1 2 1 1 2 1 1 1 1 1 2 1 1 1 1 1 1 1
Time : 6.838829 seconds

=====================
2015-12-06 11:28:55
1 threads
160 trees
13 iterations
11.777177 1.000000
6 49 13 4 19 27 3 5 1 4 3 9 2 4 3 1 2 1 1 1 1 1
Time : 4.791105 seconds

=====================
2015-12-06 11:29:01
1 threads
160 trees
13 iterations
14.967972 1.000000
8 1 1 6 6 2 1 3 34 5 1 5 2 1 3 9 4 3 1 5 2 3 6 3 10 1 3 1 2 1 5 2 3 2 1 1 1 1 1 1 1 1 1 1 1 1 1 1 1
Time : 6.102650 seconds

=====================
2015-12-06 11:29:03
2 threads
160 trees
13 iterations
6.979289 1.000000
160
Time : 1.944155 seconds

=====================
2015-12-06 11:29:08
2 threads
160 trees
13 iterations
15.496169 1.000000
6 17 1 7 2 2 9 11 1 3 1 4 9 3 3 2 13 5 5 2 6 1 3 4 4 4 2 1 3 2 1 1 1 2 1 1 1 1 2 1 2 1 3 1 1 1 1 1 1
Time : 4.705780 seconds

=====================
2015-12-06 11:29:14
2 threads
160 trees
13 iterations
16.099013 1.000000
12 2 6 1 24 2 3 4 5 5 3 1 5 3 3 2 5 4 2 1 8 1 2 1 4 2 3 2 7 2 2 1 2 1 2 1 2 1 2 1 1 1 1 2 3 1 1 2 1 1 1 1 1 1 1 1
Time : 5.865114 seconds

=====================
2015-12-06 11:29:16
2 threads
160 trees
13 iterations
4.005335 1.000000
160
Time : 1.924464 seconds

=====================
2015-12-06 11:29:22
2 threads
160 trees
13 iterations
14.618725 1.000000
3 4 4 12 1 4 8 6 13 13 5 4 10 2 1 2 8 14 2 1 2 2 1 2 1 2 2 1 1 7 1 1 2 1 3 1 1 1 1 1 1 2 1 1 1 1 1 1
Time : 5.881635 seconds

=====================
2015-12-06 11:29:26
2 threads
160 trees
13 iterations
14.647945 1.000000
30 2 9 3 1 4 20 3 4 3 5 5 2 3 2 2 2 5 1 1 2 2 4 4 3 7 1 3 1 1 4 5 1 2 1 2 1 1 1 1 1 1 1 1 1 1
Time : 3.833027 seconds

=====================
2015-12-06 11:29:28
2 threads
160 trees
13 iterations
6.974208 1.000000
160
Time : 1.760626 seconds

=====================
2015-12-06 11:29:33
2 threads
160 trees
13 iterations
12.454262 1.000000
19 6 17 5 6 13 20 48 5 1 5 2 3 2 2 1 1 1 1 1 1
Time : 4.661256 seconds

=====================
2015-12-06 11:29:35
2 threads
160 trees
13 iterations
6.083437 1.000000
160
Time : 1.898680 seconds

=====================
2015-12-06 11:29:39
2 threads
160 trees
13 iterations
14.509521 1.000000
9 10 8 1 13 3 27 4 1 1 4 6 10 3 5 5 8 1 2 1 3 6 3 4 1 3 1 2 2 1 4 1 1 1 1 1 1 1 1
Time : 3.673993 seconds

=====================
2015-12-06 11:29:43
2 threads
160 trees
13 iterations
15.822591 1.000000
2 5 6 14 4 6 10 6 7 1 3 2 3 5 1 1 2 6 2 1 2 2 4 3 2 5 2 5 2 1 1 1 2 1 1 1 8 3 1 2 1 1 3 1 1 1 2 1 1 3 1 1 1 1 1 1 1 1 1
Time : 4.163629 seconds

=====================
2015-12-06 11:29:46
2 threads
160 trees
13 iterations
6.504331 1.000000
160
Time : 2.899529 seconds

=====================
2015-12-06 11:29:48
2 threads
160 trees
13 iterations
11.168541 1.000000
49 8 57 1 2 23 7 4 2 3 1 1 1 1
Time : 2.406392 seconds

=====================
2015-12-06 11:29:52
2 threads
160 trees
13 iterations
14.217835 1.000000
12 9 2 9 4 4 1 3 16 1 4 2 21 1 2 3 4 5 5 7 2 3 9 1 2 3 1 4 1 2 1 4 1 1 2 1 1 1 1 1 1 1 1
Time : 3.902524 seconds

=====================
2015-12-06 11:29:55
2 threads
160 trees
13 iterations
9.592481 1.000000
20 98 21 14 5 1 1
Time : 2.510833 seconds

=====================
2015-12-06 11:29:56
4 threads
160 trees
13 iterations
7.621111 1.000000
160
Time : 1.407744 seconds

=====================
2015-12-06 11:29:59
4 threads
160 trees
13 iterations
5.165978 1.000000
160
Time : 2.062745 seconds

=====================
2015-12-06 11:30:02
4 threads
160 trees
13 iterations
17.773123 1.000000
6 1 1 4 14 5 10 2 2 12 2 5 1 2 6 6 2 1 3 3 5 4 1 2 1 3 3 2 1 1 1 1 2 2 3 4 2 3 1 1 1 1 1 1 1 2 2 1 1 1 1 2 2 1 1 1 1 1 1 1 1 1 1 1 1
Time : 3.919439 seconds

=====================
2015-12-06 11:30:06
4 threads
160 trees
13 iterations
10.742437 1.000000
72 36 5 7 24 5 2 1 1 2 1 1 1 1 1
Time : 3.100328 seconds

=====================
2015-12-06 11:30:10
4 threads
160 trees
13 iterations
13.196611 1.000000
11 14 7 3 34 15 2 6 2 2 4 13 1 3 1 1 1 7 1 1 2 2 3 1 3 1 1 1 1 4 5 1 2 1 1 1 1
Time : 3.927275 seconds

=====================
2015-12-06 11:30:14
4 threads
160 trees
13 iterations
12.435896 1.000000
10 36 5 3 7 8 16 2 2 16 5 19 1 2 1 2 1 1 4 1 1 1 1 1 1 1 1 3 1 1 1 1 1 2 1
Time : 4.526056 seconds

=====================
2015-12-06 11:30:19
4 threads
160 trees
13 iterations
16.064857 1.000000
3 4 2 4 3 1 2 3 2 8 5 2 3 1 3 5 1 5 5 2 3 2 3 8 10 1 3 3 3 1 1 1 2 4 3 4 1 1 1 2 3 3 2 6 3 1 2 1 1 2 1 1 2 1 1 1 1 2 1 1 1 2
Time : 4.036939 seconds

=====================
2015-12-06 11:30:23
4 threads
160 trees
13 iterations
13.276563 1.000000
19 2 8 2 5 52 1 2 13 4 2 1 2 4 4 3 2 1 2 5 12 1 1 3 2 2 1 1 1 1 1
Time : 4.474809 seconds

=====================
2015-12-06 11:30:26
4 threads
160 trees
13 iterations
7.323689 1.000000
160
Time : 2.268486 seconds

=====================
2015-12-06 11:30:27
4 threads
160 trees
13 iterations
5.276245 1.000000
160
Time : 1.162260 seconds

=====================
2015-12-06 11:30:30
4 threads
160 trees
13 iterations
13.912284 1.000000
10 6 3 4 12 5 1 15 7 15 2 7 2 19 3 4 1 1 1 5 4 1 3 2 2 2 1 1 2 3 1 1 2 1 2 2 2 1 1 1 1 1
Time : 3.601589 seconds

=====================
2015-12-06 11:30:32
4 threads
160 trees
13 iterations
5.201764 1.000000
160
Time : 1.914549 seconds

=====================
2015-12-06 11:30:34
4 threads
160 trees
13 iterations
5.978271 1.000000
160
Time : 1.599163 seconds

=====================
2015-12-06 11:30:36
4 threads
160 trees
13 iterations
6.689251 1.000000
160
Time : 1.881371 seconds

=====================
2015-12-06 11:30:38
4 threads
160 trees
13 iterations
4.410286 1.000000
160
Time : 1.522672 seconds

=====================
2015-12-06 11:30:38
8 threads
160 trees
13 iterations
3.964887 1.000000
160
Time : 0.589763 seconds

=====================
2015-12-06 11:30:39
8 threads
160 trees
13 iterations
3.964887 1.000000
160
Time : 0.723783 seconds

=====================
2015-12-06 11:30:41
8 threads
160 trees
13 iterations
11.583602 1.000000
6 52 4 17 8 18 1 5 3 1 14 9 1 5 2 5 2 1 1 1 1 3
Time : 1.636911 seconds

=====================
2015-12-06 11:30:41
8 threads
160 trees
13 iterations
5.279823 1.000000
160
Time : 0.672298 seconds

=====================
2015-12-06 11:30:42
8 threads
160 trees
13 iterations
5.279823 1.000000
160
Time : 0.668774 seconds

=====================
2015-12-06 11:30:45
8 threads
160 trees
13 iterations
17.721417 1.000000
1 6 3 1 5 14 2 3 2 2 2 12 4 2 1 1 4 1 2 2 1 1 1 6 11 5 4 2 1 2 1 6 1 2 1 1 1 1 2 3 1 1 1 1 1 1 2 1 1 1 1 1 1 3 1 2 2 1 2 1 3 1 1 1 2 1 1 1
Time : 3.225983 seconds

=====================
2015-12-06 11:30:47
8 threads
160 trees
13 iterations
12.310034 1.000000
11 83 10 4 2 9 2 14 2 3 2 4 1 2 2 1 3 1 1 1 2
Time : 1.396928 seconds

=====================
2015-12-06 11:30:49
8 threads
160 trees
13 iterations
12.818993 1.000000
13 1 21 6 12 7 3 1 17 5 7 1 10 4 2 2 4 2 1 1 2 1 4 2 5 4 1 7 2 1 1 2 2 2 1 1 1 1
Time : 1.890264 seconds

=====================
2015-12-06 11:30:53
8 threads
160 trees
13 iterations
15.834454 1.000000
2 1 14 6 9 17 1 1 5 2 3 2 4 1 11 4 8 1 1 6 3 3 9 1 3 1 1 5 3 4 1 1 2 1 4 2 3 1 1 1 1 2 1 1 1 2 1 1 1
Time : 3.894017 seconds

=====================
2015-12-06 11:30:57
8 threads
160 trees
13 iterations
16.491514 1.000000
16 3 4 8 4 2 2 7 6 1 2 2 5 4 2 2 1 3 1 1 8 1 2 1 5 6 1 1 2 7 1 5 1 4 1 1 2 5 1 5 3 3 1 1 1 2 2 2 1 1 2 1 1 1 1 1
Time : 4.411869 seconds

=====================
2015-12-06 11:30:58
8 threads
160 trees
13 iterations
7.338853 1.000000
159 1
Time : 0.856491 seconds

=====================
2015-12-06 11:30:59
8 threads
160 trees
13 iterations
7.338853 1.000000
159 1
Time : 0.849525 seconds

=====================
2015-12-06 11:31:01
8 threads
160 trees
13 iterations
13.917844 1.000000
3 11 4 27 5 1 8 2 5 7 3 9 1 3 11 2 6 9 7 3 5 1 2 3 3 2 1 1 3 1 1 3 1 1 1 1 1 2
Time : 1.565232 seconds

=====================
2015-12-06 11:31:04
8 threads
160 trees
13 iterations
16.162709 1.000000
1 2 1 10 7 6 1 2 6 12 2 1 9 4 1 2 3 5 9 4 1 3 1 8 1 3 1 2 2 3 1 1 2 2 2 1 1 7 3 3 1 1 1 1 2 1 1 1 3 1 2 1 1 1 1 1 1 1 1 1
Time : 3.109831 seconds

=====================
2015-12-06 11:31:06
8 threads
160 trees
13 iterations
11.336684 1.000000
14 117 8 8 4 1 1 1 2 1 1 1 1
Time : 1.374249 seconds

=====================
2015-12-06 11:31:07
16 threads
160 trees
13 iterations
11.718855 1.000000
7 27 12 6 4 22 25 16 9 12 1 2 1 2 1 1 1 2 3 2 3 1
Time : 0.907872 seconds

=====================
2015-12-06 11:31:09
16 threads
160 trees
13 iterations
11.784792 1.000000
1 12 45 16 13 3 8 13 21 11 2 1 2 4 2 1 1 1 1 1 1
Time : 2.033625 seconds

=====================
2015-12-06 11:31:11
16 threads
160 trees
13 iterations
12.469321 1.000000
7 50 7 3 9 3 7 5 3 2 19 3 3 2 8 3 4 2 1 6 1 1 3 1 1 1 2 2 1
Time : 2.208176 seconds

=====================
2015-12-06 11:31:12
16 threads
160 trees
13 iterations
10.234418 1.000000
34 6 101 11 2 2 2 1 1
Time : 1.003030 seconds

=====================
2015-12-06 11:31:14
16 threads
160 trees
13 iterations
10.032733 1.000000
45 1 27 26 22 3 4 2 1 3 7 14 1 1 2 1
Time : 1.905148 seconds

=====================
2015-12-06 11:31:15
16 threads
160 trees
13 iterations
4.734785 1.000000
160
Time : 0.913936 seconds

=====================
2015-12-06 11:31:17
16 threads
160 trees
13 iterations
12.523225 1.000000
10 52 6 2 23 17 1 5 1 1 8 5 2 4 4 1 1 1 1 2 1 6 1 1 1 3
Time : 2.314668 seconds

=====================
2015-12-06 11:31:19
16 threads
160 trees
13 iterations
4.993606 1.000000
160
Time : 1.440010 seconds

=====================
2015-12-06 11:31:20
16 threads
160 trees
13 iterations
8.013384 1.000000
151 9
Time : 1.007986 seconds

=====================
2015-12-06 11:31:23
16 threads
160 trees
13 iterations
14.924854 1.000000
16 3 1 7 16 1 9 7 3 3 1 4 2 1 3 2 3 2 2 1 2 9 5 2 1 1 2 9 5 1 2 6 3 3 1 2 3 4 1 1 1 1 1 1 1 2 1 1 1
Time : 2.566521 seconds

=====================
2015-12-06 11:31:23
16 threads
160 trees
13 iterations
4.968044 1.000000
160
Time : 0.397167 seconds

=====================
2015-12-06 11:31:24
16 threads
160 trees
13 iterations
4.968044 1.000000
160
Time : 1.294001 seconds

=====================
2015-12-06 11:31:25
16 threads
160 trees
13 iterations
4.074732 1.000000
160
Time : 0.632007 seconds

=====================
2015-12-06 11:31:26
16 threads
160 trees
13 iterations
4.074732 1.000000
160
Time : 1.037001 seconds

=====================
2015-12-06 11:31:28
16 threads
160 trees
13 iterations
12.226954 1.000000
5 5 31 1 9 13 8 2 5 7 12 1 1 9 5 4 11 15 4 1 4 1 1 1 1 1 1 1
Time : 1.735637 seconds

=====================
2015-12-06 11:31:29
32 threads
160 trees
13 iterations
13.505364 1.000000
8 52 6 11 7 6 18 6 5 6 7 2 1 1 3 1 1 1 1 2 1 4 3 1 2 1 1 1 1
Time : 1.046637 seconds

=====================
2015-12-06 11:31:30
32 threads
160 trees
13 iterations
12.132750 1.000000
13 22 9 39 23 3 1 4 1 3 13 5 2 1 4 2 1 1 1 1 3 3 1 1 1 1 1
Time : 1.024674 seconds

=====================
2015-12-06 11:31:31
32 threads
160 trees
13 iterations
11.971100 1.000000
11 65 8 8 3 5 5 12 2 3 1 7 4 8 4 4 6 1 1 1 1
Time : 0.851079 seconds

=====================
2015-12-06 11:31:32
32 threads
160 trees
13 iterations
3.818668 1.000000
160
Time : 0.563761 seconds

=====================
2015-12-06 11:31:32
32 threads
160 trees
13 iterations
4.829010 1.000000
160
Time : 0.538887 seconds

=====================
2015-12-06 11:31:33
32 threads
160 trees
13 iterations
3.587977 1.000000
160
Time : 0.569747 seconds

=====================
2015-12-06 11:31:34
32 threads
160 trees
13 iterations
3.587977 1.000000
160
Time : 0.510111 seconds

=====================
2015-12-06 11:31:34
32 threads
160 trees
13 iterations
5.310702 1.000000
160
Time : 0.593668 seconds

=====================
2015-12-06 11:31:35
32 threads
160 trees
13 iterations
5.310702 1.000000
160
Time : 0.435801 seconds

=====================
2015-12-06 11:31:36
32 threads
160 trees
13 iterations
9.904391 1.000000
56 74 3 1 13 5 4 2 1 1
Time : 0.775116 seconds

=====================
2015-12-06 11:31:36
32 threads
160 trees
13 iterations
3.881406 1.000000
160
Time : 0.512207 seconds

=====================
2015-12-06 11:31:37
32 threads
160 trees
13 iterations
3.881406 1.000000
160
Time : 0.604058 seconds

=====================
2015-12-06 11:31:37
32 threads
160 trees
13 iterations
7.994605 1.000000
160
Time : 0.550556 seconds

=====================
2015-12-06 11:31:38
32 threads
160 trees
13 iterations
12.681722 1.000000
8 7 5 16 6 25 14 11 4 9 4 5 14 5 3 1 2 1 2 2 4 1 1 2 2 1 1 2 1 1
Time : 0.894976 seconds

=====================
2015-12-06 11:31:40
32 threads
160 trees
13 iterations
13.174902 1.000000
5 19 3 1 12 17 1 1 22 4 4 3 3 4 1 5 7 2 9 2 8 1 3 7 2 1 1 1 1 1 1 2 2 1 1 1 1
Time : 1.007750 seconds

=====================
