2015-12-07 03:19:28
1 threads
220 trees
12 iterations
8.771175 1.000000
220 
Time : 2.955937 seconds

=====================
2015-12-07 03:19:30
1 threads
220 trees
12 iterations
11.317224 1.000000
150 53 10 4 1 1 1 
Time : 2.664764 seconds

=====================
2015-12-07 03:19:33
1 threads
220 trees
12 iterations
4.202122 1.000000
220 
Time : 2.490584 seconds

=====================
2015-12-07 03:19:37
1 threads
220 trees
12 iterations
13.074536 1.000000
73 68 37 17 4 4 3 1 5 3 1 1 2 1 
Time : 3.384335 seconds

=====================
2015-12-07 03:19:41
1 threads
220 trees
12 iterations
15.156555 1.000000
15 4 25 20 8 11 9 2 1 12 7 14 22 1 8 3 1 9 1 1 1 1 7 1 2 3 1 2 4 4 1 1 1 1 2 1 2 1 2 3 1 2 1 1 
Time : 4.244970 seconds

=====================
2015-12-07 03:19:44
1 threads
220 trees
12 iterations
6.937620 1.000000
220 
Time : 2.628921 seconds

=====================
2015-12-07 03:19:47
1 threads
220 trees
12 iterations
8.937196 1.000000
220 
Time : 2.786966 seconds

=====================
2015-12-07 03:19:50
1 threads
220 trees
12 iterations
12.264757 1.000000
191 1 9 5 6 3 2 3 
Time : 3.329024 seconds

=====================
2015-12-07 03:19:53
1 threads
220 trees
12 iterations
5.741517 1.000000
219 1 
Time : 2.945036 seconds

=====================
2015-12-07 03:19:56
1 threads
220 trees
12 iterations
4.253660 1.000000
220 
Time : 2.673797 seconds

=====================
2015-12-07 03:19:59
1 threads
220 trees
12 iterations
13.805149 1.000000
109 3 4 20 10 9 1 14 1 2 1 5 14 2 4 2 2 5 1 2 1 4 1 2 1 
Time : 3.272525 seconds

=====================
2015-12-07 03:20:02
1 threads
220 trees
12 iterations
12.078438 1.000000
174 17 8 6 2 3 2 5 3 
Time : 2.996318 seconds

=====================
2015-12-07 03:20:06
1 threads
220 trees
12 iterations
14.719654 1.000000
38 20 1 21 2 4 12 9 6 2 3 5 13 7 7 21 6 2 5 2 1 1 1 4 3 3 1 1 1 1 3 2 1 4 1 1 1 1 2 1 
Time : 3.666922 seconds

=====================
2015-12-07 03:20:11
1 threads
220 trees
12 iterations
19.302391 1.000000
20 2 4 1 8 12 4 3 7 4 1 1 7 3 4 23 4 4 6 3 1 1 2 2 3 1 1 4 3 1 2 2 5 3 3 2 2 4 1 2 2 2 2 1 1 1 3 1 3 2 2 1 3 1 2 1 3 1 2 1 1 3 2 1 1 1 1 3 2 1 1 1 1 
Time : 4.638594 seconds

=====================
2015-12-07 03:20:14
1 threads
220 trees
12 iterations
9.749003 1.000000
206 10 3 1 
Time : 2.980842 seconds

=====================
2015-12-07 03:20:17
1 threads
220 trees
12 iterations
13.329283 1.000000
110 40 10 11 5 5 7 3 4 1 1 1 3 1 3 5 1 1 2 3 1 1 1 
Time : 2.905207 seconds

=====================
2015-12-07 03:20:21
1 threads
220 trees
12 iterations
13.084263 1.000000
107 23 4 12 2 4 21 13 20 7 1 1 2 1 1 1 
Time : 3.421560 seconds

=====================
2015-12-07 03:20:25
1 threads
220 trees
12 iterations
12.600111 1.000000
163 14 2 2 5 11 1 1 3 2 1 2 1 4 2 1 4 1 
Time : 3.844480 seconds

=====================
2015-12-07 03:20:28
1 threads
220 trees
12 iterations
11.476486 1.000000
91 8 86 8 6 17 2 1 1 
Time : 3.316906 seconds

=====================
2015-12-07 03:20:31
1 threads
220 trees
12 iterations
4.805235 1.000000
220 
Time : 2.483483 seconds

=====================
2015-12-07 03:20:35
1 threads
220 trees
12 iterations
16.906408 1.000000
2 5 8 1 3 6 30 5 19 7 4 11 3 5 2 2 1 2 3 4 4 2 11 3 3 4 2 3 3 2 2 1 1 5 1 1 3 3 1 1 6 3 2 1 1 1 1 1 1 1 1 1 2 3 2 2 1 1 1 1 1 1 1 1 1 1 1 1 
Time : 4.561450 seconds

=====================
2015-12-07 03:20:40
1 threads
220 trees
12 iterations
18.212519 1.000000
4 6 8 6 1 6 13 2 13 4 3 5 3 6 12 3 1 3 1 34 2 4 1 4 1 2 2 4 1 2 1 2 3 2 1 2 2 1 1 4 2 2 1 1 1 4 1 4 1 1 1 1 1 2 1 2 3 2 1 2 1 2 1 1 2 1 1 1 
Time : 4.350567 seconds

=====================
2015-12-07 03:20:43
1 threads
220 trees
12 iterations
7.086210 1.000000
220 
Time : 2.341668 seconds

=====================
2015-12-07 03:20:47
1 threads
220 trees
12 iterations
18.905167 1.000000
9 1 21 5 1 2 19 3 1 11 5 10 1 3 2 9 4 3 3 1 5 2 1 10 1 3 2 11 2 1 2 3 2 1 1 1 2 1 2 1 2 1 2 4 2 2 1 1 2 1 2 1 1 1 1 4 1 1 1 1 1 1 1 1 1 1 1 1 1 2 1 1 1 1 1 1 1 1 1 
Time : 4.251398 seconds

=====================
2015-12-07 03:20:50
1 threads
220 trees
12 iterations
10.780223 1.000000
195 19 4 1 1 
Time : 3.205975 seconds

=====================
2015-12-07 03:20:53
1 threads
220 trees
12 iterations
4.068158 1.000000
220 
Time : 2.223698 seconds

=====================
2015-12-07 03:20:57
1 threads
220 trees
12 iterations
17.755550 1.000000
8 18 5 1 6 4 3 17 27 6 2 1 2 1 2 3 3 1 1 1 1 6 5 4 2 2 2 2 2 4 2 5 1 8 1 1 2 1 3 3 2 1 4 6 3 1 1 2 5 1 1 1 1 3 2 1 1 1 1 1 1 1 1 1 2 1 1 1 1 1 1 
Time : 4.396368 seconds

=====================
2015-12-07 03:21:01
1 threads
220 trees
12 iterations
14.544744 1.000000
12 23 6 1 42 13 15 5 2 7 10 6 22 3 6 17 1 1 8 2 1 5 1 2 2 1 1 1 1 1 1 1 
Time : 4.171844 seconds

=====================
2015-12-07 03:21:04
1 threads
220 trees
12 iterations
5.406062 1.000000
220 
Time : 2.873627 seconds

=====================
2015-12-07 03:21:07
1 threads
220 trees
12 iterations
4.396936 1.000000
220 
Time : 2.838660 seconds

=====================
2015-12-07 03:21:11
2 threads
220 trees
12 iterations
18.427169 1.000000
7 3 7 26 13 3 4 5 5 5 5 14 5 3 7 3 2 5 9 2 2 1 3 1 5 3 3 2 1 2 2 2 1 2 3 3 2 5 2 1 1 6 4 1 1 1 1 2 3 1 1 1 1 4 1 2 1 1 1 1 1 1 1 1 1 1 
Time : 3.309931 seconds

=====================
2015-12-07 03:21:13
2 threads
220 trees
12 iterations
8.883565 1.000000
220 
Time : 2.066179 seconds

=====================
2015-12-07 03:21:16
2 threads
220 trees
12 iterations
19.645550 1.000000
6 3 7 5 13 1 15 1 2 7 7 4 1 6 3 6 2 9 1 3 1 1 3 5 1 4 4 1 9 3 5 2 1 3 1 1 1 1 5 2 2 4 1 4 1 1 2 1 1 2 1 2 1 1 2 2 2 1 1 3 3 3 1 2 1 1 1 1 1 1 1 2 1 1 1 1 1 2 1 1 1 1 
Time : 3.359869 seconds

=====================
2015-12-07 03:21:20
2 threads
220 trees
12 iterations
18.899213 1.000000
2 3 3 1 1 3 4 3 3 2 3 7 1 7 8 6 28 4 1 4 1 1 1 5 7 1 2 1 3 4 3 3 1 2 3 5 1 11 12 2 1 2 1 4 2 1 1 3 1 2 1 2 3 2 1 1 1 1 2 3 1 3 1 1 1 2 1 1 1 2 1 1 1 1 1 1 1 1 
Time : 3.434391 seconds

=====================
2015-12-07 03:21:23
2 threads
220 trees
12 iterations
9.800657 1.000000
204 13 2 1 
Time : 2.737118 seconds

=====================
2015-12-07 03:21:26
2 threads
220 trees
12 iterations
18.637567 1.000000
3 5 4 3 10 6 1 5 9 15 4 1 2 2 1 3 8 7 2 4 2 4 2 6 1 7 1 2 4 3 1 3 2 3 1 2 1 2 1 4 4 1 5 1 1 1 2 4 3 4 6 2 1 2 1 1 4 2 2 2 1 1 1 1 4 2 1 2 1 2 2 1 1 1 1 1 1 
Time : 3.499940 seconds

=====================
2015-12-07 03:21:29
2 threads
220 trees
12 iterations
13.375609 1.000000
120 24 4 3 3 2 3 5 3 19 1 11 3 3 1 6 1 2 1 2 3 
Time : 2.534555 seconds

=====================
2015-12-07 03:21:31
2 threads
220 trees
12 iterations
9.828380 1.000000
214 5 1 
Time : 2.147449 seconds

=====================
2015-12-07 03:21:35
2 threads
220 trees
12 iterations
15.385767 1.000000
38 18 20 1 8 2 16 2 3 13 1 1 2 2 7 2 2 2 1 5 1 4 6 6 2 2 1 1 1 2 3 2 2 4 7 1 1 2 1 3 2 1 1 1 1 1 2 1 1 3 1 1 2 2 1 1 
Time : 3.406923 seconds

=====================
2015-12-07 03:21:37
2 threads
220 trees
12 iterations
4.221161 1.000000
220 
Time : 2.003679 seconds

=====================
2015-12-07 03:21:39
2 threads
220 trees
12 iterations
16.267315 1.000000
11 8 10 2 28 6 1 5 3 20 4 6 2 3 22 6 3 1 6 3 2 3 4 2 3 7 2 3 1 1 2 3 3 1 1 2 5 4 1 1 1 4 1 1 1 1 1 1 1 1 1 1 1 1 1 1 
Time : 2.009335 seconds

=====================
2015-12-07 03:21:42
2 threads
220 trees
12 iterations
18.174046 1.000000
3 18 5 4 2 7 1 7 5 9 3 4 2 1 3 6 8 3 11 5 7 4 13 9 5 1 1 1 4 1 1 2 1 1 3 2 3 2 1 2 2 1 8 1 1 4 2 1 1 1 1 1 1 1 1 2 1 4 1 1 4 1 1 2 1 2 1 1 
Time : 2.938821 seconds

=====================
2015-12-07 03:21:46
2 threads
220 trees
12 iterations
19.781530 1.000000
3 7 1 1 6 5 7 7 1 1 4 6 6 1 6 7 3 2 1 6 2 10 1 4 4 3 5 2 4 4 1 2 2 5 1 3 2 4 1 6 1 1 1 6 2 1 3 1 2 3 2 1 2 1 2 2 2 1 2 1 1 1 1 2 2 1 1 1 1 1 2 1 1 1 1 3 1 2 1 2 2 1 1 1 1 1 1 1 
Time : 3.874901 seconds

=====================
2015-12-07 03:21:48
2 threads
220 trees
12 iterations
10.375911 1.000000
191 28 1 
Time : 1.909299 seconds

=====================
2015-12-07 03:21:51
2 threads
220 trees
12 iterations
14.173189 1.000000
37 5 5 59 13 4 4 3 2 2 3 7 3 3 9 1 3 1 15 10 3 2 1 7 1 1 2 1 4 2 1 1 3 1 1 
Time : 3.030821 seconds

=====================
2015-12-07 03:21:55
2 threads
220 trees
12 iterations
19.082206 1.000000
20 3 3 2 1 6 1 2 3 21 2 2 1 17 1 10 2 2 4 3 2 11 6 11 4 1 3 2 2 2 2 4 1 1 1 1 2 4 3 2 2 2 1 2 1 1 1 4 1 1 1 2 1 1 1 4 1 1 1 4 2 1 1 1 1 1 1 1 1 1 1 1 1 1 1 
Time : 3.352865 seconds

=====================
2015-12-07 03:21:58
2 threads
220 trees
12 iterations
14.390826 1.000000
9 5 16 85 29 15 4 1 3 6 6 11 1 2 2 1 2 1 3 2 1 1 1 1 2 2 1 1 1 1 1 1 1 1 
Time : 2.717410 seconds

=====================
2015-12-07 03:22:00
2 threads
220 trees
12 iterations
14.388396 1.000000
48 1 6 11 19 9 7 23 4 9 27 3 10 4 1 3 1 9 4 5 1 2 2 1 2 1 1 2 1 1 1 1 
Time : 2.386509 seconds

=====================
2015-12-07 03:22:02
2 threads
220 trees
12 iterations
13.027829 1.000000
107 37 10 3 4 12 5 1 9 2 5 2 13 1 2 2 2 2 1 
Time : 1.976542 seconds

=====================
2015-12-07 03:22:05
2 threads
220 trees
12 iterations
17.631770 1.000000
1 1 10 1 6 8 5 11 42 4 13 2 3 3 3 2 3 5 3 2 7 8 1 2 11 3 1 2 2 2 1 1 1 1 7 2 1 1 2 2 2 1 1 1 3 2 2 1 2 1 1 1 2 2 1 1 1 1 1 2 1 1 1 1 1 
Time : 2.544539 seconds

=====================
2015-12-07 03:22:08
2 threads
220 trees
12 iterations
18.883359 1.000000
1 8 7 5 5 4 4 4 5 7 3 12 1 9 2 1 1 3 1 2 2 3 1 1 2 1 6 1 5 8 7 9 6 8 10 1 5 1 2 4 1 3 1 4 3 1 4 4 1 1 1 2 1 1 3 1 2 1 1 2 2 1 1 1 1 1 1 1 1 1 1 1 1 
Time : 3.263517 seconds

=====================
2015-12-07 03:22:10
2 threads
220 trees
12 iterations
4.657841 1.000000
220 
Time : 2.161993 seconds

=====================
2015-12-07 03:22:12
2 threads
220 trees
12 iterations
5.719197 1.000000
220 
Time : 1.997548 seconds

=====================
2015-12-07 03:22:15
2 threads
220 trees
12 iterations
19.613787 1.000000
2 8 1 2 10 6 1 1 8 2 2 5 2 2 5 1 8 1 4 8 4 12 1 3 3 3 4 1 4 6 6 9 2 2 1 8 1 2 1 6 2 5 4 3 2 5 2 3 1 1 1 2 1 5 1 3 1 1 2 1 1 1 2 2 2 1 1 2 1 1 1 1 
Time : 2.492603 seconds

=====================
2015-12-07 03:22:17
2 threads
220 trees
12 iterations
10.760199 1.000000
199 13 2 4 1 1 
Time : 1.912626 seconds

=====================
2015-12-07 03:22:19
2 threads
220 trees
12 iterations
19.380978 1.000000
2 4 2 5 7 3 5 1 3 2 4 5 2 3 4 5 10 1 2 9 5 4 3 7 4 2 3 4 3 2 1 1 6 1 2 2 1 3 2 4 2 3 1 1 6 4 4 3 10 2 2 1 2 1 1 2 1 4 1 1 1 1 3 1 1 1 1 2 1 1 1 3 1 1 1 1 1 1 2 1 1 1 1 
Time : 2.309870 seconds

=====================
2015-12-07 03:22:22
2 threads
220 trees
12 iterations
11.674341 1.000000
208 2 1 7 1 1 
Time : 2.554477 seconds

=====================
2015-12-07 03:22:24
2 threads
220 trees
12 iterations
11.199675 1.000000
209 3 3 3 2 
Time : 1.583632 seconds

=====================
2015-12-07 03:22:27
2 threads
220 trees
12 iterations
16.525167 1.000000
3 1 10 11 5 19 9 4 9 5 4 18 7 6 3 1 1 3 1 4 2 10 1 3 4 5 2 10 1 6 7 1 1 1 3 1 3 2 7 1 2 4 3 1 1 1 2 3 1 1 1 1 1 1 1 1 
Time : 3.182211 seconds

=====================
2015-12-07 03:22:30
2 threads
220 trees
12 iterations
18.135489 1.000000
1 10 2 9 2 11 2 5 3 1 13 5 2 12 13 2 1 1 3 3 2 1 3 6 1 1 7 14 4 1 1 1 3 1 4 5 2 1 4 2 2 2 1 2 2 1 2 1 3 4 1 1 3 1 3 1 4 1 1 1 2 1 1 1 1 2 1 1 2 1 1 1 1 1 1 
Time : 3.277607 seconds

=====================
2015-12-07 03:22:32
4 threads
220 trees
12 iterations
10.897945 1.000000
170 32 1 4 5 1 2 1 2 1 1 
Time : 1.181256 seconds

=====================
2015-12-07 03:22:33
4 threads
220 trees
12 iterations
13.173425 1.000000
1 63 34 24 23 21 9 4 7 1 3 15 3 2 3 3 1 1 1 1 
Time : 1.338405 seconds

=====================
2015-12-07 03:22:35
4 threads
220 trees
12 iterations
19.959091 1.000000
1 1 5 5 1 9 2 11 6 2 2 6 8 1 9 5 2 9 5 5 2 2 7 1 4 1 3 8 1 1 6 2 2 1 1 2 1 2 2 5 2 2 3 2 1 1 2 3 1 2 1 1 1 1 1 1 1 5 2 1 1 1 2 1 2 4 1 2 1 1 1 1 1 4 1 1 1 3 1 1 1 2 1 1 1 
Time : 1.812344 seconds

=====================
2015-12-07 03:22:37
4 threads
220 trees
12 iterations
13.326281 1.000000
43 130 2 1 1 14 3 5 3 1 2 1 2 6 1 2 1 1 1 
Time : 1.498108 seconds

=====================
2015-12-07 03:22:39
4 threads
220 trees
12 iterations
19.961111 1.000000
5 5 2 10 2 1 8 1 1 3 4 6 1 2 13 1 3 1 1 2 1 2 5 3 3 1 1 2 2 2 1 1 1 1 1 1 3 6 1 4 3 4 3 1 1 1 1 3 1 2 1 1 1 6 5 2 1 8 2 2 1 4 2 1 1 3 2 1 1 3 2 2 1 1 1 1 1 1 2 1 1 1 1 1 2 1 1 1 2 1 1 1 1 1 1 1 1 1 1 1 1 2 
Time : 2.124922 seconds

=====================
2015-12-07 03:22:40
4 threads
220 trees
12 iterations
9.312321 1.000000
219 1 
Time : 1.109700 seconds

=====================
2015-12-07 03:22:42
4 threads
220 trees
12 iterations
14.624720 1.000000
2 5 64 5 48 11 3 20 2 2 6 9 3 5 4 1 2 3 1 2 1 3 1 1 1 2 1 2 1 1 1 3 1 1 1 1 
Time : 1.363865 seconds

=====================
2015-12-07 03:22:44
4 threads
220 trees
12 iterations
20.557468 1.000000
2 3 1 3 11 1 3 4 2 2 14 1 1 2 9 12 2 2 2 1 1 1 1 3 1 3 1 2 9 2 2 3 5 1 1 1 1 2 1 9 2 4 1 1 3 1 1 1 2 5 4 1 2 1 2 1 1 2 1 3 1 2 2 3 2 1 1 1 1 1 2 1 1 1 1 2 1 3 1 1 1 4 1 1 2 1 1 2 1 1 1 1 1 1 1 1 1 1 1 
Time : 2.068022 seconds

=====================
2015-12-07 03:22:46
4 threads
220 trees
12 iterations
20.374742 1.000000
9 4 10 1 7 3 1 7 2 2 5 1 1 2 1 1 2 3 6 1 1 3 2 3 1 7 3 7 9 1 5 1 2 2 2 1 3 2 2 1 3 3 3 1 7 1 1 1 4 1 2 2 2 2 2 3 2 1 1 3 3 1 1 2 1 1 5 1 1 1 1 1 1 1 1 2 1 1 1 1 2 3 1 1 2 1 1 1 1 1 1 2 1 1 1 
Time : 1.818358 seconds

=====================
2015-12-07 03:22:47
4 threads
220 trees
12 iterations
8.117632 1.000000
220 
Time : 1.193034 seconds

=====================
2015-12-07 03:22:48
4 threads
220 trees
12 iterations
8.525394 1.000000
220 
Time : 1.016944 seconds

=====================
2015-12-07 03:22:50
4 threads
220 trees
12 iterations
16.245441 1.000000
4 12 8 8 16 15 1 3 10 6 23 4 4 5 7 11 7 2 2 5 3 3 5 1 3 2 6 1 1 1 2 2 1 2 4 1 8 2 1 1 2 2 1 2 2 2 1 1 1 1 1 1 
Time : 1.434575 seconds

=====================
2015-12-07 03:22:52
4 threads
220 trees
12 iterations
17.829703 1.000000
6 19 5 1 3 1 5 12 5 2 2 10 1 1 1 10 1 4 2 9 1 3 3 1 6 1 10 6 1 7 4 2 2 5 1 2 4 1 4 2 2 1 1 3 2 9 1 1 3 2 1 4 4 1 2 1 2 1 2 1 1 1 1 1 1 1 1 1 1 1 
Time : 1.634339 seconds

=====================
2015-12-07 03:22:53
4 threads
220 trees
12 iterations
14.201895 1.000000
10 7 7 60 4 1 12 21 8 9 9 3 24 1 4 3 14 1 2 1 2 3 1 2 1 1 3 2 1 2 1 
Time : 1.602433 seconds

=====================
2015-12-07 03:22:55
4 threads
220 trees
12 iterations
16.051645 1.000000
9 7 7 17 5 18 4 31 4 10 3 16 2 2 10 1 2 14 6 4 2 2 2 2 1 2 3 1 4 8 1 3 1 2 1 1 2 2 1 1 3 1 1 1 
Time : 1.445085 seconds

=====================
2015-12-07 03:22:56
4 threads
220 trees
12 iterations
14.168903 1.000000
5 18 38 14 7 1 1 1 7 9 12 9 21 2 13 8 4 5 9 2 5 3 1 2 5 2 1 1 1 4 3 1 1 1 1 1 1 
Time : 1.403759 seconds

=====================
2015-12-07 03:22:58
4 threads
220 trees
12 iterations
20.210811 1.000000
1 1 3 2 4 9 5 4 5 4 8 3 7 1 1 3 3 2 1 4 3 1 8 12 2 3 1 4 6 1 6 3 4 4 1 4 1 6 1 1 2 2 1 3 8 2 1 1 1 3 1 1 3 1 2 2 2 2 1 1 1 2 1 1 1 2 1 2 1 1 2 1 3 1 2 1 1 2 2 1 1 1 1 1 1 2 1 
Time : 1.648774 seconds

=====================
2015-12-07 03:22:59
4 threads
220 trees
12 iterations
13.158332 1.000000
1 9 4 9 6 25 5 63 19 15 6 6 1 1 31 7 1 1 3 1 2 1 2 1 
Time : 1.329928 seconds

=====================
2015-12-07 03:23:01
4 threads
220 trees
12 iterations
18.982675 1.000000
20 9 8 3 4 1 4 9 2 2 6 4 3 15 4 2 2 1 6 2 1 1 5 1 12 2 1 4 1 3 8 2 1 4 1 1 2 1 9 1 2 3 6 2 2 1 1 1 1 4 3 1 2 2 1 1 2 1 1 1 1 2 1 1 1 2 1 1 1 1 1 1 
Time : 1.644047 seconds

=====================
2015-12-07 03:23:02
4 threads
220 trees
12 iterations
3.980582 1.000000
220 
Time : 1.086641 seconds

=====================
2015-12-07 03:23:04
4 threads
220 trees
12 iterations
13.492754 1.000000
53 16 23 58 8 7 1 3 1 1 4 2 2 5 7 1 5 2 5 4 1 1 1 4 2 2 1 
Time : 1.158375 seconds

=====================
2015-12-07 03:23:05
4 threads
220 trees
12 iterations
11.144847 1.000000
179 14 8 5 11 2 1 
Time : 0.978167 seconds

=====================
2015-12-07 03:23:06
4 threads
220 trees
12 iterations
11.010101 1.000000
207 1 3 8 1 
Time : 1.201027 seconds

=====================
2015-12-07 03:23:08
4 threads
220 trees
12 iterations
19.319542 1.000000
2 6 7 3 14 5 9 10 8 6 5 2 3 2 1 11 1 3 1 5 3 1 2 1 2 3 1 1 7 2 6 3 1 2 3 1 2 1 1 1 2 2 3 1 2 5 1 2 3 2 7 2 1 3 1 1 1 1 2 3 2 1 1 1 1 2 2 1 1 1 1 1 1 1 1 1 2 1 2 1 1 1 
Time : 1.818247 seconds

=====================
2015-12-07 03:23:10
4 threads
220 trees
12 iterations
18.795882 1.000000
5 3 6 1 4 14 21 1 1 8 4 6 1 3 4 2 3 4 4 2 2 3 4 5 2 1 3 1 2 1 2 4 1 7 3 1 4 4 2 5 4 3 3 2 1 2 2 2 2 2 3 1 2 1 1 2 4 1 1 1 1 2 1 2 4 1 2 1 1 1 1 1 1 2 1 1 1 1 1 
Time : 1.799762 seconds

=====================
2015-12-07 03:23:11
4 threads
220 trees
12 iterations
4.388853 1.000000
220 
Time : 1.157912 seconds

=====================
2015-12-07 03:23:12
4 threads
220 trees
12 iterations
14.264261 1.000000
11 70 6 8 31 3 37 3 2 5 7 5 2 4 8 1 2 3 2 4 1 1 1 1 1 1 
Time : 1.252381 seconds

=====================
2015-12-07 03:23:14
4 threads
220 trees
12 iterations
20.673226 1.000000
12 7 5 1 1 3 3 1 4 3 3 7 2 3 2 7 2 1 2 11 1 2 4 1 2 6 5 1 2 7 2 1 1 1 1 1 1 2 2 3 2 2 4 1 1 1 1 3 1 1 2 1 5 2 2 2 2 1 3 1 1 2 1 1 2 2 1 1 2 1 1 1 1 2 1 1 1 1 1 1 1 1 2 1 1 1 1 1 1 1 1 1 2 2 2 1 2 1 2 1 1 1 2 1 
Time : 1.909194 seconds

=====================
2015-12-07 03:23:16
4 threads
220 trees
12 iterations
15.586357 1.000000
2 16 1 1 9 1 1 11 16 20 4 25 3 3 17 9 11 1 6 7 4 3 1 3 1 14 4 4 1 1 3 2 1 2 2 1 2 1 1 1 1 1 2 
Time : 1.447395 seconds

=====================
2015-12-07 03:23:17
4 threads
220 trees
12 iterations
4.236270 1.000000
220 
Time : 0.966823 seconds

=====================
2015-12-07 03:23:18
8 threads
220 trees
12 iterations
19.113088 1.000000
2 4 9 1 3 8 3 5 9 8 4 1 2 4 8 4 7 3 6 2 1 2 5 3 2 5 1 2 1 1 1 5 3 1 1 11 4 1 1 2 1 1 2 3 3 2 1 1 4 1 4 1 3 4 1 1 1 1 1 2 2 2 1 1 1 3 1 3 1 1 1 1 1 1 1 1 1 1 1 1 1 1 1 1 1 1 1 1 1 1 
Time : 1.003668 seconds

=====================
2015-12-07 03:23:19
8 threads
220 trees
12 iterations
6.399286 1.000000
220 
Time : 0.444815 seconds

=====================
2015-12-07 03:23:19
8 threads
220 trees
12 iterations
6.767764 1.000000
220 
Time : 0.539619 seconds

=====================
2015-12-07 03:23:20
8 threads
220 trees
12 iterations
6.767764 1.000000
220 
Time : 0.557398 seconds

=====================
2015-12-07 03:23:21
8 threads
220 trees
12 iterations
5.773126 1.000000
220 
Time : 0.522035 seconds

=====================
2015-12-07 03:23:21
8 threads
220 trees
12 iterations
7.712962 1.000000
220 
Time : 0.614781 seconds

=====================
2015-12-07 03:23:22
8 threads
220 trees
12 iterations
7.712962 1.000000
220 
Time : 0.643797 seconds

=====================
2015-12-07 03:23:23
8 threads
220 trees
12 iterations
4.004756 1.000000
220 
Time : 0.582325 seconds

=====================
2015-12-07 03:23:23
8 threads
220 trees
12 iterations
12.159309 1.000000
101 104 6 1 2 1 2 2 1 
Time : 0.620382 seconds

=====================
2015-12-07 03:23:24
8 threads
220 trees
12 iterations
12.159309 1.000000
101 104 6 1 2 1 2 2 1 
Time : 0.618557 seconds

=====================
2015-12-07 03:23:25
8 threads
220 trees
12 iterations
20.623517 1.000000
2 2 7 1 10 1 6 1 2 1 2 3 1 4 8 3 5 1 2 2 2 5 1 2 4 3 7 5 5 1 1 3 1 7 5 3 1 4 1 1 1 7 1 1 4 1 1 3 1 2 2 1 1 1 1 6 3 1 3 1 1 3 1 1 2 4 1 4 1 1 2 2 2 2 1 1 2 2 2 1 2 1 1 1 1 1 1 1 1 1 1 1 1 1 1 
Time : 0.965623 seconds

=====================
2015-12-07 03:23:26
8 threads
220 trees
12 iterations
20.902345 1.000000
3 7 2 5 1 15 1 5 1 1 2 1 4 4 4 3 4 1 4 13 4 1 2 5 1 2 9 2 1 3 3 1 4 5 1 1 1 1 4 7 1 2 1 2 3 1 1 1 1 2 1 2 1 3 2 2 2 1 2 1 1 1 1 2 1 1 1 3 1 1 1 1 1 1 2 1 1 2 2 1 1 1 1 1 1 1 2 1 1 1 1 1 1 1 1 1 1 1 1 1 1 1 
Time : 1.059915 seconds

=====================
2015-12-07 03:23:27
8 threads
220 trees
12 iterations
15.194963 1.000000
25 11 8 6 6 19 10 4 6 17 4 8 5 6 6 5 5 8 7 8 8 2 2 4 3 6 1 4 1 1 2 1 2 1 1 4 1 1 1 
Time : 0.738944 seconds

=====================
2015-12-07 03:23:28
8 threads
220 trees
12 iterations
6.407149 1.000000
220 
Time : 0.564123 seconds

=====================
2015-12-07 03:23:29
8 threads
220 trees
12 iterations
7.727529 1.000000
220 
Time : 0.598393 seconds

=====================
2015-12-07 03:23:29
8 threads
220 trees
12 iterations
13.167558 1.000000
84 14 1 7 11 12 3 18 13 7 1 12 5 4 6 2 1 6 2 2 2 1 5 1 
Time : 0.835266 seconds

=====================
2015-12-07 03:23:30
8 threads
220 trees
12 iterations
7.801558 1.000000
220 
Time : 0.597993 seconds

=====================
2015-12-07 03:23:31
8 threads
220 trees
12 iterations
7.801558 1.000000
220 
Time : 0.614932 seconds

=====================
2015-12-07 03:23:32
8 threads
220 trees
12 iterations
15.914509 1.000000
1 22 7 18 4 16 7 2 2 4 12 7 11 8 15 2 5 4 3 7 3 1 2 8 9 1 4 1 1 3 2 1 1 2 1 3 2 1 2 1 1 1 2 3 1 1 2 1 1 1 
Time : 0.761766 seconds

=====================
2015-12-07 03:23:32
8 threads
220 trees
12 iterations
9.229495 1.000000
220 
Time : 0.603660 seconds

=====================
2015-12-07 03:23:33
8 threads
220 trees
12 iterations
9.229495 1.000000
220 
Time : 0.618712 seconds

=====================
2015-12-07 03:23:34
8 threads
220 trees
12 iterations
19.283408 1.000000
7 4 17 6 2 2 1 6 2 2 3 2 3 5 5 2 7 6 5 4 8 1 1 5 10 1 1 5 5 2 1 2 3 1 2 3 3 4 2 1 2 2 2 1 2 1 4 3 1 1 1 1 2 4 1 1 3 1 2 4 1 3 1 1 1 1 1 1 1 1 1 1 1 1 1 1 1 1 1 1 2 1 1 1 1 1 
Time : 1.001324 seconds

=====================
2015-12-07 03:23:35
8 threads
220 trees
12 iterations
9.130289 1.000000
220 
Time : 0.568759 seconds

=====================
2015-12-07 03:23:35
8 threads
220 trees
12 iterations
4.437498 1.000000
220 
Time : 0.533670 seconds

=====================
2015-12-07 03:23:36
8 threads
220 trees
12 iterations
11.286640 1.000000
28 171 10 2 4 3 2 
Time : 0.623392 seconds

=====================
2015-12-07 03:23:37
8 threads
220 trees
12 iterations
11.286640 1.000000
28 171 10 2 4 3 2 
Time : 0.613489 seconds

=====================
2015-12-07 03:23:38
8 threads
220 trees
12 iterations
6.504058 1.000000
220 
Time : 0.593494 seconds

=====================
2015-12-07 03:23:38
8 threads
220 trees
12 iterations
4.802410 1.000000
220 
Time : 0.576747 seconds

=====================
2015-12-07 03:23:39
8 threads
220 trees
12 iterations
4.802410 1.000000
220 
Time : 0.556936 seconds

=====================
2015-12-07 03:23:39
8 threads
220 trees
12 iterations
6.035567 1.000000
220 
Time : 0.499722 seconds

=====================
2015-12-07 03:23:40
16 threads
220 trees
12 iterations
6.035567 1.000000
220 
Time : 0.276880 seconds

=====================
2015-12-07 03:23:40
16 threads
220 trees
12 iterations
20.623574 1.000000
5 1 2 1 1 3 1 4 11 3 5 8 1 2 6 6 2 6 8 4 3 4 1 1 2 2 16 1 1 2 1 1 2 3 3 1 1 3 3 6 1 3 6 1 6 2 1 1 2 3 1 1 1 4 1 4 1 1 1 1 1 2 3 1 3 1 2 3 2 1 1 1 2 1 1 1 1 2 2 1 1 1 1 2 1 1 1 1 
Time : 0.530429 seconds

=====================
2015-12-07 03:23:41
16 threads
220 trees
12 iterations
20.623574 1.000000
5 1 2 1 1 3 1 4 11 3 5 8 1 2 6 6 2 6 8 4 3 4 1 1 2 2 16 1 1 2 1 1 2 3 3 1 1 3 3 6 1 3 6 1 6 2 1 1 2 3 1 1 1 4 1 4 1 1 1 1 1 2 3 1 3 1 2 3 2 1 1 1 2 1 1 1 1 2 2 1 1 1 1 2 1 1 1 1 
Time : 0.542694 seconds

=====================
2015-12-07 03:23:42
16 threads
220 trees
12 iterations
15.964808 1.000000
1 6 13 4 1 39 6 8 2 3 3 2 4 19 4 4 12 3 1 2 1 4 3 4 5 4 7 2 2 2 3 2 9 1 6 2 2 2 1 3 3 3 1 1 1 1 1 1 1 1 1 1 1 1 
Time : 0.431867 seconds

=====================
2015-12-07 03:23:42
16 threads
220 trees
12 iterations
10.686982 1.000000
194 18 6 1 1 
Time : 0.325049 seconds

=====================
2015-12-07 03:23:42
16 threads
220 trees
12 iterations
10.686982 1.000000
194 18 6 1 1 
Time : 0.341533 seconds

=====================
2015-12-07 03:23:43
16 threads
220 trees
12 iterations
10.686982 1.000000
194 18 6 1 1 
Time : 0.351194 seconds

=====================
2015-12-07 03:23:44
16 threads
220 trees
12 iterations
20.752576 1.000000
5 2 4 1 3 3 1 8 3 6 1 3 4 14 3 3 1 2 7 9 5 4 3 1 6 2 1 2 2 1 1 3 4 1 1 3 1 1 1 1 6 6 1 3 3 1 1 1 1 3 2 1 5 1 4 2 1 1 1 1 1 1 1 1 1 3 2 1 2 1 1 1 1 2 1 1 1 1 1 3 1 1 2 1 1 1 1 1 1 1 1 1 1 1 1 1 1 1 1 1 
Time : 0.589211 seconds

=====================
2015-12-07 03:23:44
16 threads
220 trees
12 iterations
12.977109 1.000000
149 2 4 5 14 7 6 5 5 5 1 3 4 1 3 2 1 1 1 1 
Time : 0.394332 seconds

=====================
2015-12-07 03:23:45
16 threads
220 trees
12 iterations
12.977109 1.000000
149 2 4 5 14 7 6 5 5 5 1 3 4 1 3 2 1 1 1 1 
Time : 0.398124 seconds

=====================
2015-12-07 03:23:45
16 threads
220 trees
12 iterations
13.675785 1.000000
27 7 44 1 1 20 5 13 19 52 5 3 2 4 1 1 2 2 6 1 3 1 
Time : 0.411713 seconds

=====================
2015-12-07 03:23:46
16 threads
220 trees
12 iterations
13.675785 1.000000
27 7 44 1 1 20 5 13 19 52 5 3 2 4 1 1 2 2 6 1 3 1 
Time : 0.466323 seconds

=====================
2015-12-07 03:23:46
16 threads
220 trees
12 iterations
12.190318 1.000000
175 3 10 8 2 7 1 1 8 3 1 1 
Time : 0.334569 seconds

=====================
2015-12-07 03:23:47
16 threads
220 trees
12 iterations
12.190318 1.000000
175 3 10 8 2 7 1 1 8 3 1 1 
Time : 0.372763 seconds

=====================
2015-12-07 03:23:47
16 threads
220 trees
12 iterations
4.048321 1.000000
220 
Time : 0.344874 seconds

=====================
2015-12-07 03:23:47
16 threads
220 trees
12 iterations
4.048321 1.000000
220 
Time : 0.327511 seconds

=====================
2015-12-07 03:23:48
16 threads
220 trees
12 iterations
4.048321 1.000000
220 
Time : 0.337421 seconds

=====================
2015-12-07 03:23:48
16 threads
220 trees
12 iterations
20.515489 1.000000
3 2 4 9 7 3 4 4 1 5 3 4 4 2 4 2 6 5 3 5 2 1 2 2 6 1 1 4 2 8 1 2 1 6 1 2 3 1 1 1 5 4 3 1 1 1 6 2 1 3 3 1 1 1 1 2 2 3 2 1 1 2 1 1 2 3 1 1 3 3 3 1 1 1 1 2 1 1 1 1 1 1 2 1 1 1 1 1 1 1 1 1 1 1 1 1 
Time : 0.531170 seconds

=====================
2015-12-07 03:23:49
16 threads
220 trees
12 iterations
12.869927 1.000000
70 36 9 22 10 30 7 6 3 1 4 2 6 3 4 2 2 1 1 1 
Time : 0.373654 seconds

=====================
2015-12-07 03:23:49
16 threads
220 trees
12 iterations
12.869927 1.000000
70 36 9 22 10 30 7 6 3 1 4 2 6 3 4 2 2 1 1 1 
Time : 0.392800 seconds

=====================
2015-12-07 03:23:50
16 threads
220 trees
12 iterations
11.824226 1.000000
180 6 8 8 6 2 2 2 5 1 
Time : 0.348574 seconds

=====================
2015-12-07 03:23:50
16 threads
220 trees
12 iterations
11.824226 1.000000
180 6 8 8 6 2 2 2 5 1 
Time : 0.361982 seconds

=====================
2015-12-07 03:23:51
16 threads
220 trees
12 iterations
11.824226 1.000000
180 6 8 8 6 2 2 2 5 1 
Time : 0.337719 seconds

=====================
2015-12-07 03:23:51
16 threads
220 trees
12 iterations
18.919379 1.000000
4 1 2 14 2 2 4 1 8 2 2 5 2 1 4 6 1 3 5 5 4 2 1 2 8 4 1 4 2 8 2 5 2 2 12 9 3 2 1 2 2 5 2 1 1 2 5 3 1 2 1 1 1 3 1 2 3 1 2 1 1 1 2 5 1 3 2 1 1 1 1 1 1 1 2 1 1 1 1 1 1 
Time : 0.460963 seconds

=====================
2015-12-07 03:23:52
16 threads
220 trees
12 iterations
18.919379 1.000000
4 1 2 14 2 2 4 1 8 2 2 5 2 1 4 6 1 3 5 5 4 2 1 2 8 4 1 4 2 8 2 5 2 2 12 9 3 2 1 2 2 5 2 1 1 2 5 3 1 2 1 1 1 3 1 2 3 1 2 1 1 1 2 5 1 3 2 1 1 1 1 1 1 1 2 1 1 1 1 1 1 
Time : 0.463627 seconds

=====================
2015-12-07 03:23:52
16 threads
220 trees
12 iterations
15.947125 1.000000
5 17 54 6 5 3 1 1 15 10 5 11 11 6 2 3 15 1 5 3 1 3 1 4 2 2 1 4 1 3 2 1 1 1 3 2 2 2 1 1 1 1 1 
Time : 0.408480 seconds

=====================
2015-12-07 03:23:53
16 threads
220 trees
12 iterations
12.373420 1.000000
154 8 34 5 12 2 3 1 1 
Time : 0.379847 seconds

=====================
2015-12-07 03:23:53
16 threads
220 trees
12 iterations
12.373420 1.000000
154 8 34 5 12 2 3 1 1 
Time : 0.374386 seconds

=====================
2015-12-07 03:23:54
16 threads
220 trees
12 iterations
12.373420 1.000000
154 8 34 5 12 2 3 1 1 
Time : 0.355354 seconds

=====================
2015-12-07 03:23:54
16 threads
220 trees
12 iterations
20.883566 1.000000
2 1 6 4 3 1 2 4 1 11 7 2 2 5 2 4 4 2 3 1 6 4 2 1 9 3 4 3 1 7 3 3 2 4 3 8 2 3 3 1 1 3 2 1 1 1 6 2 1 3 1 2 1 1 1 1 1 2 1 1 2 3 1 1 2 1 1 2 3 2 1 1 1 1 1 1 1 2 2 1 2 1 1 1 1 2 1 1 1 1 1 1 1 2 1 
Time : 0.543941 seconds

=====================
2015-12-07 03:23:55
32 threads
220 trees
12 iterations
16.036321 1.000000
5 16 6 9 10 8 1 14 15 1 12 4 13 7 3 4 5 4 7 2 3 2 2 1 2 12 1 1 1 4 15 1 1 2 2 1 1 2 3 1 1 3 2 1 1 2 1 1 1 1 1 1 
Time : 0.301581 seconds

=====================
2015-12-07 03:23:55
32 threads
220 trees
12 iterations
16.036321 1.000000
5 16 6 9 10 8 1 14 15 1 12 4 13 7 3 4 5 4 7 2 3 2 2 1 2 12 1 1 1 4 15 1 1 2 2 1 1 2 3 1 1 3 2 1 1 2 1 1 1 1 1 1 
Time : 0.296062 seconds

=====================
2015-12-07 03:23:56
32 threads
220 trees
12 iterations
16.036321 1.000000
5 16 6 9 10 8 1 14 15 1 12 4 13 7 3 4 5 4 7 2 3 2 2 1 2 12 1 1 1 4 15 1 1 2 2 1 1 2 3 1 1 3 2 1 1 2 1 1 1 1 1 1 
Time : 0.281128 seconds

=====================
2015-12-07 03:23:56
32 threads
220 trees
12 iterations
4.611203 1.000000
220 
Time : 0.212711 seconds

=====================
2015-12-07 03:23:56
32 threads
220 trees
12 iterations
4.611203 1.000000
220 
Time : 0.207328 seconds

=====================
2015-12-07 03:23:57
32 threads
220 trees
12 iterations
4.611203 1.000000
220 
Time : 0.200940 seconds

=====================
2015-12-07 03:23:57
32 threads
220 trees
12 iterations
10.954103 1.000000
195 1 12 5 5 1 1 
Time : 0.225123 seconds

=====================
2015-12-07 03:23:57
32 threads
220 trees
12 iterations
10.954103 1.000000
195 1 12 5 5 1 1 
Time : 0.232476 seconds

=====================
2015-12-07 03:23:57
32 threads
220 trees
12 iterations
10.954103 1.000000
195 1 12 5 5 1 1 
Time : 0.191933 seconds

=====================
2015-12-07 03:23:58
32 threads
220 trees
12 iterations
14.654342 1.000000
110 7 6 4 2 26 4 3 5 4 1 3 1 1 1 2 8 7 2 5 2 2 1 1 1 1 1 1 2 1 1 1 1 1 1 
Time : 0.248898 seconds

=====================
2015-12-07 03:23:58
32 threads
220 trees
12 iterations
14.654342 1.000000
110 7 6 4 2 26 4 3 5 4 1 3 1 1 1 2 8 7 2 5 2 2 1 1 1 1 1 1 2 1 1 1 1 1 1 
Time : 0.274917 seconds

=====================
2015-12-07 03:23:59
32 threads
220 trees
12 iterations
14.654342 1.000000
110 7 6 4 2 26 4 3 5 4 1 3 1 1 1 2 8 7 2 5 2 2 1 1 1 1 1 1 2 1 1 1 1 1 1 
Time : 0.254204 seconds

=====================
2015-12-07 03:23:59
32 threads
220 trees
12 iterations
7.257006 1.000000
220 
Time : 0.162163 seconds

=====================
2015-12-07 03:23:59
32 threads
220 trees
12 iterations
7.257006 1.000000
220 
Time : 0.167747 seconds

=====================
2015-12-07 03:23:59
32 threads
220 trees
12 iterations
7.257006 1.000000
220 
Time : 0.163645 seconds

=====================
2015-12-07 03:24:00
32 threads
220 trees
12 iterations
7.257006 1.000000
220 
Time : 0.163241 seconds

=====================
2015-12-07 03:24:00
32 threads
220 trees
12 iterations
10.424795 1.000000
185 32 1 1 1 
Time : 0.202704 seconds

=====================
2015-12-07 03:24:00
32 threads
220 trees
12 iterations
10.424795 1.000000
185 32 1 1 1 
Time : 0.208746 seconds

=====================
2015-12-07 03:24:00
32 threads
220 trees
12 iterations
10.424795 1.000000
185 32 1 1 1 
Time : 0.191420 seconds

=====================
2015-12-07 03:24:01
32 threads
220 trees
12 iterations
10.424795 1.000000
185 32 1 1 1 
Time : 0.211185 seconds

=====================
2015-12-07 03:24:01
32 threads
220 trees
12 iterations
14.164993 1.000000
46 3 18 13 64 4 16 1 9 9 1 4 4 2 8 1 1 10 1 1 1 1 1 1 
Time : 0.271438 seconds

=====================
2015-12-07 03:24:01
32 threads
220 trees
12 iterations
14.164993 1.000000
46 3 18 13 64 4 16 1 9 9 1 4 4 2 8 1 1 10 1 1 1 1 1 1 
Time : 0.268432 seconds

=====================
2015-12-07 03:24:02
32 threads
220 trees
12 iterations
14.164993 1.000000
46 3 18 13 64 4 16 1 9 9 1 4 4 2 8 1 1 10 1 1 1 1 1 1 
Time : 0.263625 seconds

=====================
2015-12-07 03:24:02
32 threads
220 trees
12 iterations
11.199292 1.000000
215 3 1 1 
Time : 0.210239 seconds

=====================
2015-12-07 03:24:02
32 threads
220 trees
12 iterations
11.199292 1.000000
215 3 1 1 
Time : 0.232868 seconds

=====================
2015-12-07 03:24:03
32 threads
220 trees
12 iterations
11.199292 1.000000
215 3 1 1 
Time : 0.236942 seconds

=====================
2015-12-07 03:24:03
32 threads
220 trees
12 iterations
16.154495 1.000000
3 17 13 5 17 2 10 1 14 5 11 4 5 1 4 1 9 2 9 7 3 3 14 3 3 3 2 10 1 4 2 1 1 3 1 1 2 2 1 1 4 2 3 2 1 1 1 1 1 1 1 1 
Time : 0.265053 seconds

=====================
2015-12-07 03:24:03
32 threads
220 trees
12 iterations
16.154495 1.000000
3 17 13 5 17 2 10 1 14 5 11 4 5 1 4 1 9 2 9 7 3 3 14 3 3 3 2 10 1 4 2 1 1 3 1 1 2 2 1 1 4 2 3 2 1 1 1 1 1 1 1 1 
Time : 0.255269 seconds

=====================
2015-12-07 03:24:04
32 threads
220 trees
12 iterations
16.154495 1.000000
3 17 13 5 17 2 10 1 14 5 11 4 5 1 4 1 9 2 9 7 3 3 14 3 3 3 2 10 1 4 2 1 1 3 1 1 2 2 1 1 4 2 3 2 1 1 1 1 1 1 1 1 
Time : 0.282269 seconds

=====================
2015-12-07 03:24:04
32 threads
220 trees
12 iterations
6.713633 1.000000
220 
Time : 0.201443 seconds

=====================
