2015-12-07 01:20:39
1 threads
220 trees
12 iterations
12.911523 1.000000
8 17 59 1 110 5 1 1 8 1 3 1 1 1 1 1 1 
Time : 3.260055 seconds

=====================
2015-12-07 01:20:42
1 threads
220 trees
12 iterations
4.235616 1.000000
220 
Time : 2.786004 seconds

=====================
2015-12-07 01:20:45
1 threads
220 trees
12 iterations
15.296540 1.000000
1 27 5 31 20 27 12 3 23 4 1 13 1 11 4 1 4 3 5 4 1 4 1 1 1 2 2 1 1 1 1 1 1 2 
Time : 3.533951 seconds

=====================
2015-12-07 01:20:48
1 threads
220 trees
12 iterations
5.002096 1.000000
220 
Time : 2.743960 seconds

=====================
2015-12-07 01:20:52
1 threads
220 trees
12 iterations
4.171043 1.000000
220 
Time : 3.367749 seconds

=====================
2015-12-07 01:20:55
1 threads
220 trees
12 iterations
12.616545 1.000000
10 145 22 4 5 16 2 4 1 4 2 3 1 1 
Time : 3.295452 seconds

=====================
2015-12-07 01:20:58
1 threads
220 trees
12 iterations
10.083809 1.000000
206 2 9 2 1 
Time : 3.277532 seconds

=====================
2015-12-07 01:21:04
1 threads
220 trees
12 iterations
20.599413 1.000000
3 4 1 1 9 7 4 1 8 2 13 3 1 1 3 2 4 1 2 6 2 2 5 4 2 3 12 2 1 2 1 2 5 1 1 1 3 1 1 2 1 1 1 3 3 2 1 6 2 4 1 1 1 1 1 2 1 1 1 1 1 1 1 3 1 2 1 1 2 2 1 1 1 1 1 2 2 1 1 2 1 2 3 1 2 1 1 1 1 1 1 1 1 1 1 1 1 1 1 1 1 1 1 1 
Time : 5.245993 seconds

=====================
2015-12-07 01:21:08
1 threads
220 trees
12 iterations
17.463684 1.000000
5 52 7 1 3 3 3 2 6 4 4 2 5 1 6 5 1 1 1 15 3 1 1 2 3 2 2 6 2 3 3 1 1 1 1 1 1 5 1 1 5 9 1 1 5 2 1 3 1 1 1 1 1 1 2 1 1 1 1 3 1 1 1 1 1 2 1 1 1 
Time : 4.307542 seconds

=====================
2015-12-07 01:21:13
1 threads
220 trees
12 iterations
17.586294 1.000000
24 1 4 3 5 14 10 7 4 13 2 5 4 2 3 4 5 3 1 4 4 5 12 3 3 6 4 1 2 4 3 6 2 1 1 1 3 4 1 2 1 2 1 2 1 1 2 1 1 1 5 1 3 1 1 1 1 1 1 1 1 1 1 1 1 
Time : 4.131665 seconds

=====================
2015-12-07 01:21:16
1 threads
220 trees
12 iterations
6.828539 1.000000
220 
Time : 2.770672 seconds

=====================
2015-12-07 01:21:19
1 threads
220 trees
12 iterations
8.231018 1.000000
220 
Time : 2.874952 seconds

=====================
2015-12-07 01:21:23
1 threads
220 trees
12 iterations
18.511677 1.000000
2 2 2 1 1 5 3 8 4 9 16 6 5 3 2 1 5 1 6 13 5 1 1 4 9 1 4 2 3 3 1 6 2 5 2 2 7 1 7 7 1 2 2 5 1 1 5 5 2 1 1 1 1 1 2 4 1 1 1 2 2 1 1 1 1 1 1 1 1 1 1 
Time : 4.485184 seconds

=====================
2015-12-07 01:21:28
1 threads
220 trees
12 iterations
15.901507 1.000000
9 4 25 11 2 14 7 2 6 3 1 11 17 4 2 5 18 2 2 2 1 2 10 3 3 1 5 1 3 3 1 2 1 1 4 4 2 1 1 7 5 1 1 1 1 2 1 1 1 1 1 1 
Time : 4.670955 seconds

=====================
2015-12-07 01:21:31
1 threads
220 trees
12 iterations
4.063451 1.000000
220 
Time : 2.516645 seconds

=====================
2015-12-07 01:21:33
1 threads
220 trees
12 iterations
8.535583 1.000000
220 
Time : 2.726904 seconds

=====================
2015-12-07 01:21:36
1 threads
220 trees
12 iterations
4.021192 1.000000
220 
Time : 2.526560 seconds

=====================
2015-12-07 01:21:39
1 threads
220 trees
12 iterations
10.257362 1.000000
220 
Time : 2.843942 seconds

=====================
2015-12-07 01:21:43
1 threads
220 trees
12 iterations
11.778699 1.000000
201 1 9 2 1 2 1 1 1 1 
Time : 3.528679 seconds

=====================
2015-12-07 01:21:46
1 threads
220 trees
12 iterations
13.096130 1.000000
23 38 29 34 17 1 12 2 43 2 3 1 5 2 1 1 1 1 1 2 1 
Time : 3.307865 seconds

=====================
2015-12-07 01:21:50
1 threads
220 trees
12 iterations
10.330059 1.000000
214 2 4 
Time : 3.495647 seconds

=====================
2015-12-07 01:21:54
1 threads
220 trees
12 iterations
14.248626 1.000000
31 61 27 23 5 8 7 16 2 1 1 1 1 7 3 1 1 8 6 2 1 1 1 1 1 1 1 1 
Time : 4.258507 seconds

=====================
2015-12-07 01:21:59
1 threads
220 trees
12 iterations
20.528771 1.000000
16 8 4 3 5 3 2 7 3 3 1 1 1 7 3 7 2 7 1 4 1 1 8 7 1 4 1 1 1 3 4 2 1 2 3 6 1 1 4 2 2 3 2 1 1 1 1 1 3 1 1 1 4 1 2 1 1 2 2 4 6 2 2 1 1 2 2 1 2 1 1 1 1 3 1 1 3 1 1 1 1 1 1 1 1 1 1 1 1 
Time : 4.846184 seconds

=====================
2015-12-07 01:22:02
1 threads
220 trees
12 iterations
6.881196 1.000000
220 
Time : 2.689490 seconds

=====================
2015-12-07 01:22:05
1 threads
220 trees
12 iterations
11.601699 1.000000
209 8 1 1 1 
Time : 2.873219 seconds

=====================
2015-12-07 01:22:08
1 threads
220 trees
12 iterations
12.904337 1.000000
6 2 111 13 9 18 7 29 5 3 6 6 1 1 1 2 
Time : 2.982456 seconds

=====================
2015-12-07 01:22:12
1 threads
220 trees
12 iterations
13.964289 1.000000
28 20 10 21 22 26 2 10 22 4 1 1 8 2 4 4 2 3 2 5 1 2 1 2 7 1 2 1 1 1 1 1 1 1 
Time : 3.498990 seconds

=====================
2015-12-07 01:22:15
1 threads
220 trees
12 iterations
11.127981 1.000000
192 3 22 1 1 1 
Time : 3.659909 seconds

=====================
2015-12-07 01:22:20
1 threads
220 trees
12 iterations
19.395335 1.000000
1 12 9 2 2 13 6 3 3 2 11 3 4 5 2 5 3 6 1 2 1 1 2 3 1 1 3 3 1 1 10 6 1 2 2 2 2 10 1 2 1 2 1 2 1 1 2 7 5 2 2 2 1 3 1 1 1 1 1 1 1 2 2 2 1 1 2 2 1 3 2 1 1 1 1 1 1 1 1 1 1 1 1 1 
Time : 4.436947 seconds

=====================
2015-12-07 01:22:23
1 threads
220 trees
12 iterations
10.030728 1.000000
210 1 5 1 3 
Time : 2.917258 seconds

=====================
2015-12-07 01:22:25
2 threads
220 trees
12 iterations
4.906077 1.000000
220 
Time : 2.131185 seconds

=====================
2015-12-07 01:22:28
2 threads
220 trees
12 iterations
7.287487 1.000000
220 
Time : 2.288380 seconds

=====================
2015-12-07 01:22:31
2 threads
220 trees
12 iterations
17.098104 1.000000
5 8 5 1 3 2 1 2 1 3 15 2 4 1 11 2 2 4 11 3 23 2 1 1 7 5 4 1 6 16 2 2 2 2 2 1 3 1 5 1 1 1 10 3 2 1 1 1 2 1 1 1 1 2 1 1 3 3 1 1 2 1 1 1 1 1 1 1 
Time : 3.184912 seconds

=====================
2015-12-07 01:22:32
2 threads
220 trees
12 iterations
4.851083 1.000000
220 
Time : 1.469061 seconds

=====================
2015-12-07 01:22:35
2 threads
220 trees
12 iterations
13.424932 1.000000
49 2 9 46 9 25 8 6 31 1 1 1 6 2 6 1 5 3 2 2 3 1 1 
Time : 2.564373 seconds

=====================
2015-12-07 01:22:37
2 threads
220 trees
12 iterations
6.999043 1.000000
220 
Time : 2.193576 seconds

=====================
2015-12-07 01:22:41
2 threads
220 trees
12 iterations
16.207100 1.000000
5 2 13 4 3 5 6 6 3 1 2 5 3 12 2 1 3 2 3 6 14 15 4 15 6 3 2 2 1 2 1 4 3 4 2 2 4 7 1 3 6 4 4 2 1 2 3 1 3 1 1 1 1 1 1 1 1 1 1 1 1 
Time : 3.017473 seconds

=====================
2015-12-07 01:22:44
2 threads
220 trees
12 iterations
20.453689 1.000000
3 2 2 1 3 2 3 5 3 6 3 7 6 3 2 1 4 4 1 4 1 2 1 3 2 4 4 2 2 11 5 1 4 6 7 5 1 2 4 4 3 1 1 2 7 1 4 4 2 3 1 1 3 2 1 1 2 1 1 3 2 2 1 1 2 1 1 1 1 1 1 1 1 1 1 1 1 1 2 1 2 2 1 1 2 1 1 1 1 1 1 1 1 
Time : 2.968462 seconds

=====================
2015-12-07 01:22:46
2 threads
220 trees
12 iterations
16.242203 1.000000
14 1 14 1 4 4 9 12 3 12 9 5 9 8 4 4 2 15 7 11 1 4 4 5 4 1 3 3 1 1 2 2 2 1 1 6 3 1 1 1 1 1 4 2 2 2 3 1 1 2 2 1 1 1 1 
Time : 2.338161 seconds

=====================
2015-12-07 01:22:48
2 threads
220 trees
12 iterations
6.517829 1.000000
220 
Time : 1.640574 seconds

=====================
2015-12-07 01:22:50
2 threads
220 trees
12 iterations
6.226432 1.000000
220 
Time : 1.792794 seconds

=====================
2015-12-07 01:22:52
2 threads
220 trees
12 iterations
6.752971 1.000000
220 
Time : 1.942130 seconds

=====================
2015-12-07 01:22:55
2 threads
220 trees
12 iterations
17.105011 1.000000
5 1 25 3 1 9 4 12 1 1 4 6 19 9 1 6 8 1 11 4 1 8 5 6 1 7 1 1 1 1 3 4 3 1 1 3 1 2 3 4 1 1 1 3 1 2 1 2 1 1 1 1 2 1 3 1 1 2 1 1 1 1 1 1 
Time : 3.271538 seconds

=====================
2015-12-07 01:22:57
2 threads
220 trees
12 iterations
4.721975 1.000000
220 
Time : 1.577900 seconds

=====================
2015-12-07 01:23:00
2 threads
220 trees
12 iterations
14.321557 1.000000
2 1 10 22 5 11 53 22 3 7 1 13 14 2 4 1 2 4 3 3 1 1 6 2 3 5 2 1 1 2 3 1 1 1 1 3 1 1 1 
Time : 2.927326 seconds

=====================
2015-12-07 01:23:02
2 threads
220 trees
12 iterations
9.267945 1.000000
219 1 
Time : 1.654267 seconds

=====================
2015-12-07 01:23:04
2 threads
220 trees
12 iterations
12.108078 1.000000
204 6 1 3 1 1 1 1 1 1 
Time : 1.843872 seconds

=====================
2015-12-07 01:23:07
2 threads
220 trees
12 iterations
18.385587 1.000000
8 15 11 3 2 3 6 6 1 9 3 1 1 1 4 3 6 3 6 2 4 4 2 4 4 1 6 1 4 18 1 4 3 2 2 5 1 2 1 1 2 2 1 2 1 2 1 1 2 1 5 5 3 2 1 1 3 2 3 3 1 1 1 1 1 1 1 1 1 1 2 1 
Time : 3.210274 seconds

=====================
2015-12-07 01:23:09
2 threads
220 trees
12 iterations
14.430088 1.000000
6 8 6 13 7 7 7 50 5 1 10 16 4 8 6 6 2 1 2 1 1 4 1 2 2 11 4 1 2 2 5 2 1 1 1 2 5 2 1 1 1 1 1 
Time : 2.397183 seconds

=====================
2015-12-07 01:23:12
2 threads
220 trees
12 iterations
17.263615 1.000000
5 5 39 3 2 3 20 7 3 1 4 1 2 4 14 4 9 5 4 3 3 5 15 3 1 1 2 3 5 1 3 1 1 5 1 2 1 5 3 4 1 1 1 1 1 4 1 1 1 1 2 1 1 
Time : 2.705854 seconds

=====================
2015-12-07 01:23:14
2 threads
220 trees
12 iterations
7.770268 1.000000
220 
Time : 1.969768 seconds

=====================
2015-12-07 01:23:17
2 threads
220 trees
12 iterations
17.749297 1.000000
8 6 3 8 4 7 2 2 11 19 5 5 8 5 3 3 7 6 1 1 5 1 2 3 2 7 7 1 5 1 3 1 4 1 7 1 1 5 4 4 5 5 4 2 2 1 2 1 2 1 2 1 2 1 1 1 1 1 1 1 1 1 1 1 
Time : 3.037504 seconds

=====================
2015-12-07 01:23:19
2 threads
220 trees
12 iterations
3.858724 1.000000
220 
Time : 1.333928 seconds

=====================
2015-12-07 01:23:21
2 threads
220 trees
12 iterations
4.992693 1.000000
220 
Time : 1.710233 seconds

=====================
2015-12-07 01:23:23
2 threads
220 trees
12 iterations
12.982861 1.000000
75 37 3 30 4 1 9 4 15 4 2 1 4 18 5 3 1 1 1 1 1 
Time : 2.446433 seconds

=====================
2015-12-07 01:23:25
2 threads
220 trees
12 iterations
11.893783 1.000000
110 1 4 7 24 42 12 12 7 1 
Time : 2.119636 seconds

=====================
2015-12-07 01:23:29
2 threads
220 trees
12 iterations
17.853963 1.000000
6 6 6 5 8 8 1 4 1 5 6 9 8 11 3 9 2 1 3 1 11 2 1 2 1 1 6 3 8 4 10 2 4 1 2 4 3 3 5 2 3 6 5 2 1 1 3 1 3 1 1 2 3 1 1 1 1 1 1 2 1 1 
Time : 3.412261 seconds

=====================
2015-12-07 01:23:33
2 threads
220 trees
12 iterations
20.402430 1.000000
4 6 7 2 6 4 4 2 5 2 6 3 6 1 2 1 2 1 3 2 1 1 8 1 1 1 2 3 4 1 2 1 7 7 3 3 2 2 11 4 5 1 1 1 1 2 3 2 1 1 2 3 1 2 1 1 1 3 2 1 2 3 2 1 2 1 2 1 2 1 1 2 1 1 1 1 2 1 1 2 1 1 1 2 1 2 1 1 1 1 1 1 1 1 1 1 1 1 1 
Time : 3.730800 seconds

=====================
2015-12-07 01:23:35
2 threads
220 trees
12 iterations
10.403304 1.000000
218 1 1 
Time : 2.126551 seconds

=====================
2015-12-07 01:23:39
2 threads
220 trees
12 iterations
16.701893 1.000000
4 27 1 1 7 8 17 7 9 5 6 14 2 7 5 1 2 1 4 5 10 6 5 1 2 2 5 2 1 3 1 4 7 7 3 1 1 3 1 2 1 2 1 3 1 1 1 1 1 1 3 1 1 1 1 
Time : 3.535725 seconds

=====================
2015-12-07 01:23:40
4 threads
220 trees
12 iterations
9.093477 1.000000
217 3 
Time : 1.278351 seconds

=====================
2015-12-07 01:23:41
4 threads
220 trees
12 iterations
6.748698 1.000000
220 
Time : 1.154385 seconds

=====================
2015-12-07 01:23:43
4 threads
220 trees
12 iterations
16.398547 1.000000
3 12 9 4 11 6 4 3 8 1 7 2 12 9 10 1 5 21 7 24 1 11 1 7 3 2 2 1 1 2 1 2 2 4 2 2 1 1 1 3 1 2 1 1 2 1 1 1 1 
Time : 1.579408 seconds

=====================
2015-12-07 01:23:45
4 threads
220 trees
12 iterations
16.881725 1.000000
17 15 2 2 16 21 2 1 12 5 15 13 3 3 4 1 11 3 6 1 8 4 1 2 5 5 1 1 2 2 1 1 1 1 4 1 1 3 1 2 2 3 2 1 1 3 1 1 1 1 1 1 1 1 
Time : 1.481443 seconds

=====================
2015-12-07 01:23:46
4 threads
220 trees
12 iterations
18.495964 1.000000
1 1 3 9 19 4 3 6 4 1 1 4 9 3 2 3 5 1 2 8 5 18 15 1 1 4 4 1 2 1 1 4 1 1 2 6 1 3 5 1 1 5 2 3 1 3 2 3 1 1 1 2 1 2 4 3 1 1 1 1 1 3 1 2 1 2 1 1 1 1 1 
Time : 1.875379 seconds

=====================
2015-12-07 01:23:48
4 threads
220 trees
12 iterations
7.256052 1.000000
220 
Time : 1.101156 seconds

=====================
2015-12-07 01:23:50
4 threads
220 trees
12 iterations
18.232899 1.000000
2 3 2 15 1 7 4 3 2 1 3 7 1 9 1 2 5 5 1 2 10 9 2 1 1 1 5 1 10 6 3 9 1 1 8 3 1 10 4 5 1 2 1 2 2 1 3 8 1 1 1 1 2 2 1 1 1 2 1 1 1 1 1 1 1 1 1 1 1 1 1 1 1 1 2 1 1 
Time : 1.705950 seconds

=====================
2015-12-07 01:23:51
4 threads
220 trees
12 iterations
5.507587 1.000000
220 
Time : 1.099915 seconds

=====================
2015-12-07 01:23:53
4 threads
220 trees
12 iterations
20.009255 1.000000
9 3 6 1 2 1 1 3 9 1 3 2 1 1 1 13 2 1 2 1 4 1 2 3 3 2 5 15 5 9 1 1 1 2 3 3 5 5 2 1 1 2 2 1 1 3 3 3 3 1 2 1 1 1 1 2 3 2 3 3 1 4 3 1 1 1 1 2 1 2 1 3 2 2 1 1 1 1 2 1 1 2 1 1 1 1 1 1 2 1 1 
Time : 1.887047 seconds

=====================
2015-12-07 01:23:54
4 threads
220 trees
12 iterations
8.767103 1.000000
218 1 1 
Time : 1.043406 seconds

=====================
2015-12-07 01:23:55
4 threads
220 trees
12 iterations
11.232561 1.000000
185 34 1 
Time : 1.107215 seconds

=====================
2015-12-07 01:23:56
4 threads
220 trees
12 iterations
3.928611 1.000000
220 
Time : 1.049909 seconds

=====================
2015-12-07 01:23:58
4 threads
220 trees
12 iterations
8.401270 1.000000
219 1 
Time : 1.190889 seconds

=====================
2015-12-07 01:23:59
4 threads
220 trees
12 iterations
9.765594 1.000000
191 29 
Time : 1.347779 seconds

=====================
2015-12-07 01:24:00
4 threads
220 trees
12 iterations
11.684564 1.000000
97 9 11 4 38 9 11 4 1 3 7 12 9 2 1 1 1 
Time : 0.973522 seconds

=====================
2015-12-07 01:24:01
4 threads
220 trees
12 iterations
10.002073 1.000000
216 2 1 1 
Time : 1.079975 seconds

=====================
2015-12-07 01:24:02
4 threads
220 trees
12 iterations
6.589517 1.000000
220 
Time : 0.999789 seconds

=====================
2015-12-07 01:24:03
4 threads
220 trees
12 iterations
8.324559 1.000000
220 
Time : 1.140145 seconds

=====================
2015-12-07 01:24:05
4 threads
220 trees
12 iterations
15.616600 1.000000
5 15 8 3 31 2 10 1 10 8 11 3 4 11 8 7 14 6 1 9 4 1 3 5 2 3 2 2 1 4 1 1 2 1 2 1 2 2 1 1 1 1 2 2 1 1 1 1 1 1 
Time : 1.480314 seconds

=====================
2015-12-07 01:24:07
4 threads
220 trees
12 iterations
19.866924 1.000000
2 2 2 2 14 9 1 8 4 3 1 3 6 2 3 2 1 10 6 3 6 4 1 3 2 2 3 3 1 3 4 6 3 2 1 2 1 3 2 1 1 2 2 2 1 3 5 2 2 2 3 1 1 3 2 2 4 1 1 1 2 2 1 3 1 1 1 1 1 1 1 1 1 1 1 3 2 1 2 1 1 1 1 1 1 2 1 1 1 1 1 1 1 
Time : 1.709137 seconds

=====================
2015-12-07 01:24:09
4 threads
220 trees
12 iterations
20.301453 1.000000
4 2 5 1 8 8 4 4 7 2 3 5 1 4 1 7 3 3 1 6 5 1 3 1 4 1 7 3 1 4 1 1 2 3 1 1 1 2 2 3 2 1 1 1 4 4 3 2 4 2 2 2 2 5 1 1 2 1 1 2 1 3 4 1 1 1 1 1 1 1 4 1 1 2 1 2 1 3 1 2 2 2 1 1 1 1 1 1 1 1 1 1 1 1 1 1 
Time : 1.924747 seconds

=====================
2015-12-07 01:24:11
4 threads
220 trees
12 iterations
17.811595 1.000000
5 11 4 2 16 8 1 5 1 4 9 4 1 6 1 1 5 15 1 1 6 2 2 4 7 5 4 2 2 2 1 1 1 3 1 4 1 5 1 4 10 2 1 2 1 1 1 1 3 4 1 1 2 2 1 1 3 1 2 4 1 2 2 1 3 2 1 1 1 1 1 1 
Time : 1.568907 seconds

=====================
2015-12-07 01:24:12
4 threads
220 trees
12 iterations
9.102309 1.000000
220 
Time : 0.971496 seconds

=====================
2015-12-07 01:24:13
4 threads
220 trees
12 iterations
5.583849 1.000000
220 
Time : 1.028778 seconds

=====================
2015-12-07 01:24:14
4 threads
220 trees
12 iterations
15.785055 1.000000
11 55 20 3 19 19 2 12 2 14 2 3 8 2 2 6 3 7 2 1 2 3 1 2 3 1 1 2 1 1 2 1 1 1 1 1 3 
Time : 1.571690 seconds

=====================
2015-12-07 01:24:16
4 threads
220 trees
12 iterations
8.294264 1.000000
220 
Time : 1.184903 seconds

=====================
2015-12-07 01:24:17
4 threads
220 trees
12 iterations
6.467194 1.000000
220 
Time : 0.966410 seconds

=====================
2015-12-07 01:24:18
4 threads
220 trees
12 iterations
7.207583 1.000000
220 
Time : 1.066184 seconds

=====================
2015-12-07 01:24:20
4 threads
220 trees
12 iterations
20.301625 1.000000
6 3 11 14 3 9 11 1 3 3 2 3 3 4 7 1 4 1 1 4 10 1 2 1 1 1 4 3 1 2 4 1 2 1 1 1 3 2 1 5 2 2 3 2 1 1 5 1 1 4 1 1 1 7 1 2 1 1 3 6 1 2 1 1 1 1 2 1 1 1 1 1 2 2 1 1 1 1 1 1 1 2 1 1 1 1 1 1 
Time : 1.530056 seconds

=====================
2015-12-07 01:24:21
4 threads
220 trees
12 iterations
18.794473 1.000000
1 1 8 4 1 1 2 1 15 7 6 10 8 10 3 2 2 7 2 3 3 4 1 3 1 1 3 9 2 6 3 2 1 1 2 1 1 1 2 4 3 1 1 1 4 2 2 5 3 1 1 1 2 4 1 2 2 1 1 3 1 1 1 1 1 3 1 1 1 2 4 1 1 1 1 1 2 1 1 2 1 1 1 1 1 1 
Time : 1.609657 seconds

=====================
2015-12-07 01:24:22
8 threads
220 trees
12 iterations
15.299490 1.000000
6 15 7 46 49 5 6 6 2 17 7 2 3 11 4 1 5 2 2 1 2 3 1 1 1 3 2 2 2 1 2 1 1 1 
Time : 0.706931 seconds

=====================
2015-12-07 01:24:23
8 threads
220 trees
12 iterations
8.274267 1.000000
12 208 
Time : 0.568475 seconds

=====================
2015-12-07 01:24:24
8 threads
220 trees
12 iterations
14.661930 1.000000
23 5 31 4 14 16 2 3 1 19 11 3 1 23 6 1 7 2 8 4 1 3 1 4 1 9 1 1 2 2 3 1 1 2 1 2 1 
Time : 0.803377 seconds

=====================
2015-12-07 01:24:24
8 threads
220 trees
12 iterations
6.286263 1.000000
220 
Time : 0.477109 seconds

=====================
2015-12-07 01:24:25
8 threads
220 trees
12 iterations
6.286263 1.000000
220 
Time : 0.522532 seconds

=====================
2015-12-07 01:24:26
8 threads
220 trees
12 iterations
6.324557 1.000000
220 
Time : 0.649190 seconds

=====================
2015-12-07 01:24:26
8 threads
220 trees
12 iterations
15.367368 1.000000
1 1 27 18 1 28 7 12 1 17 2 3 8 1 14 1 1 2 1 1 6 3 5 7 2 6 7 11 2 1 7 1 1 3 1 2 1 1 1 1 1 1 1 1 
Time : 0.855666 seconds

=====================
2015-12-07 01:24:27
8 threads
220 trees
12 iterations
15.375411 1.000000
22 5 23 14 6 1 1 2 11 27 13 8 6 12 9 8 10 7 10 1 1 2 1 4 3 1 1 1 2 2 1 1 1 1 1 1 
Time : 0.701618 seconds

=====================
2015-12-07 01:24:28
8 threads
220 trees
12 iterations
15.375411 1.000000
22 5 23 14 6 1 1 2 11 27 13 8 6 12 9 8 10 7 10 1 1 2 1 4 3 1 1 1 2 2 1 1 1 1 1 1 
Time : 0.669987 seconds

=====================
2015-12-07 01:24:29
8 threads
220 trees
12 iterations
7.521836 1.000000
220 
Time : 0.588188 seconds

=====================
2015-12-07 01:24:29
8 threads
220 trees
12 iterations
8.294159 1.000000
220 
Time : 0.574652 seconds

=====================
2015-12-07 01:24:30
8 threads
220 trees
12 iterations
8.294159 1.000000
220 
Time : 0.598699 seconds

=====================
2015-12-07 01:24:31
8 threads
220 trees
12 iterations
19.592538 1.000000
3 11 2 5 3 2 1 6 4 6 4 10 3 1 9 3 1 2 2 1 2 1 1 3 3 13 1 6 1 1 5 11 1 4 1 3 1 5 1 2 2 1 4 1 4 3 1 4 3 2 3 1 1 1 3 2 1 1 1 1 1 1 3 1 1 1 1 3 3 2 1 1 1 1 1 1 2 1 1 1 1 1 1 1 1 1 1 
Time : 1.001289 seconds

=====================
2015-12-07 01:24:32
8 threads
220 trees
12 iterations
4.259593 1.000000
220 
Time : 0.634836 seconds

=====================
2015-12-07 01:24:33
8 threads
220 trees
12 iterations
16.212742 1.000000
29 4 12 27 20 1 21 2 3 10 1 1 1 4 2 15 6 1 4 3 3 4 5 5 3 3 4 3 1 2 1 2 1 1 2 5 1 2 1 1 1 1 1 
Time : 0.754082 seconds

=====================
2015-12-07 01:24:33
8 threads
220 trees
12 iterations
9.027490 1.000000
220 
Time : 0.645944 seconds

=====================
2015-12-07 01:24:34
8 threads
220 trees
12 iterations
6.912154 1.000000
220 
Time : 0.570192 seconds

=====================
2015-12-07 01:24:35
8 threads
220 trees
12 iterations
6.912154 1.000000
220 
Time : 0.571196 seconds

=====================
2015-12-07 01:24:36
8 threads
220 trees
12 iterations
15.636426 1.000000
43 1 4 2 17 17 1 6 10 3 7 2 21 2 2 5 12 1 10 2 4 4 1 3 2 4 1 2 1 1 6 1 1 1 3 2 1 1 3 1 1 1 1 1 1 2 1 1 
Time : 0.749536 seconds

=====================
2015-12-07 01:24:36
8 threads
220 trees
12 iterations
15.402576 1.000000
40 29 1 11 1 6 12 2 7 8 14 4 7 5 2 3 11 3 2 5 1 13 1 2 4 3 5 1 4 1 1 4 2 1 1 1 1 1 
Time : 0.777517 seconds

=====================
2015-12-07 01:24:37
8 threads
220 trees
12 iterations
4.196412 1.000000
220 
Time : 0.538832 seconds

=====================
2015-12-07 01:24:38
8 threads
220 trees
12 iterations
4.196412 1.000000
220 
Time : 0.544274 seconds

=====================
2015-12-07 01:24:39
8 threads
220 trees
12 iterations
13.747707 1.000000
60 13 48 12 4 3 2 15 4 8 7 1 1 1 3 3 3 10 8 1 2 2 3 2 1 1 1 1 
Time : 0.749673 seconds

=====================
2015-12-07 01:24:40
8 threads
220 trees
12 iterations
20.175798 1.000000
7 1 1 4 5 4 4 2 4 4 2 1 1 7 2 1 1 4 2 10 4 13 1 7 5 1 2 3 10 1 2 3 3 1 2 1 3 2 2 12 4 1 1 1 1 4 6 1 3 2 1 2 1 1 1 2 4 1 1 2 1 1 1 1 1 1 1 1 1 1 2 2 1 3 3 1 1 1 1 1 1 3 1 1 2 1 
Time : 1.015297 seconds

=====================
2015-12-07 01:24:41
8 threads
220 trees
12 iterations
20.846557 1.000000
8 5 5 1 10 5 5 1 1 1 1 1 2 1 5 7 14 1 1 4 8 4 4 4 1 1 11 1 2 4 3 3 1 1 1 3 2 7 5 2 1 1 2 5 2 1 3 2 3 1 1 1 2 3 2 1 2 3 2 1 1 1 1 3 3 1 1 2 1 1 1 1 2 1 1 1 1 1 1 1 2 2 1 2 1 
Time : 0.928122 seconds

=====================
2015-12-07 01:24:42
8 threads
220 trees
12 iterations
11.158870 1.000000
109 77 6 25 1 1 1 
Time : 0.738259 seconds

=====================
2015-12-07 01:24:43
8 threads
220 trees
12 iterations
13.171544 1.000000
16 71 7 30 20 6 19 3 4 3 8 1 9 3 1 4 5 1 1 1 2 1 3 1 
Time : 0.814909 seconds

=====================
2015-12-07 01:24:43
8 threads
220 trees
12 iterations
12.674802 1.000000
137 13 41 2 1 11 5 2 1 1 1 2 1 1 1 
Time : 0.619317 seconds

=====================
2015-12-07 01:24:44
8 threads
220 trees
12 iterations
12.674802 1.000000
137 13 41 2 1 11 5 2 1 1 1 2 1 1 1 
Time : 0.610699 seconds

=====================
2015-12-07 01:24:45
8 threads
220 trees
12 iterations
6.640387 1.000000
220 
Time : 0.465198 seconds

=====================
2015-12-07 01:24:45
16 threads
220 trees
12 iterations
19.953440 1.000000
4 9 2 3 2 10 2 1 1 5 3 1 1 1 2 1 5 4 11 2 1 5 3 2 3 3 2 2 1 1 3 7 4 3 2 1 1 1 4 6 7 2 2 2 1 2 5 1 1 1 2 2 1 2 1 9 3 6 1 2 1 2 2 1 1 2 2 5 1 1 1 1 2 1 1 1 1 1 1 2 1 1 1 1 1 1 2 1 1 1 1 
Time : 0.514283 seconds

=====================
2015-12-07 01:24:46
16 threads
220 trees
12 iterations
19.953440 1.000000
4 9 2 3 2 10 2 1 1 5 3 1 1 1 2 1 5 4 11 2 1 5 3 2 3 3 2 2 1 1 3 7 4 3 2 1 1 1 4 6 7 2 2 2 1 2 5 1 1 1 2 2 1 2 1 9 3 6 1 2 1 2 2 1 1 2 2 5 1 1 1 1 2 1 1 1 1 1 1 2 1 1 1 1 1 1 2 1 1 1 1 
Time : 0.512044 seconds

=====================
2015-12-07 01:24:46
16 threads
220 trees
12 iterations
18.221810 1.000000
2 11 10 7 5 1 4 3 1 1 7 4 2 1 2 3 2 3 10 3 5 2 1 6 1 11 11 2 6 3 2 2 2 4 1 1 1 4 1 1 1 5 1 3 2 3 2 1 3 1 2 1 2 1 1 3 4 2 1 1 2 1 1 2 2 2 1 1 1 3 2 3 1 1 1 1 1 1 1 1 1 1 
Time : 0.495111 seconds

=====================
2015-12-07 01:24:47
16 threads
220 trees
12 iterations
18.221810 1.000000
2 11 10 7 5 1 4 3 1 1 7 4 2 1 2 3 2 3 10 3 5 2 1 6 1 11 11 2 6 3 2 2 2 4 1 1 1 4 1 1 1 5 1 3 2 3 2 1 3 1 2 1 2 1 1 3 4 2 1 1 2 1 1 2 2 2 1 1 1 3 2 3 1 1 1 1 1 1 1 1 1 1 
Time : 0.495854 seconds

=====================
2015-12-07 01:24:48
16 threads
220 trees
12 iterations
18.900241 1.000000
3 11 4 31 2 7 3 1 3 3 16 4 2 1 1 3 9 4 4 9 2 1 1 1 3 4 8 1 5 1 3 1 1 2 3 2 1 1 2 2 1 1 7 4 1 1 1 3 5 2 2 1 2 3 1 1 2 2 1 1 1 1 1 2 1 1 1 1 1 1 1 
Time : 0.542574 seconds

=====================
2015-12-07 01:24:48
16 threads
220 trees
12 iterations
13.740871 1.000000
4 16 51 17 6 21 24 3 5 1 3 9 14 3 13 8 1 4 4 2 5 1 3 1 1 
Time : 0.362775 seconds

=====================
2015-12-07 01:24:49
16 threads
220 trees
12 iterations
13.740871 1.000000
4 16 51 17 6 21 24 3 5 1 3 9 14 3 13 8 1 4 4 2 5 1 3 1 1 
Time : 0.352793 seconds

=====================
2015-12-07 01:24:49
16 threads
220 trees
12 iterations
19.904962 1.000000
1 1 2 3 5 1 5 1 7 10 1 11 5 2 2 6 10 2 1 1 4 1 9 1 4 1 4 2 1 1 2 1 2 2 1 1 5 5 4 1 4 9 3 1 3 1 1 1 6 1 1 8 2 1 1 1 2 1 2 1 1 1 1 2 1 3 1 1 2 2 1 2 1 1 1 2 2 2 1 1 1 2 1 1 2 1 1 1 1 1 
Time : 0.523301 seconds

=====================
2015-12-07 01:24:50
16 threads
220 trees
12 iterations
19.904962 1.000000
1 1 2 3 5 1 5 1 7 10 1 11 5 2 2 6 10 2 1 1 4 1 9 1 4 1 4 2 1 1 2 1 2 2 1 1 5 5 4 1 4 9 3 1 3 1 1 1 6 1 1 8 2 1 1 1 2 1 2 1 1 1 1 2 1 3 1 1 2 2 1 2 1 1 1 2 2 2 1 1 1 2 1 1 2 1 1 1 1 1 
Time : 0.500767 seconds

=====================
2015-12-07 01:24:50
16 threads
220 trees
12 iterations
8.781821 1.000000
3 216 1 
Time : 0.335178 seconds

=====================
2015-12-07 01:24:51
16 threads
220 trees
12 iterations
8.781821 1.000000
3 216 1 
Time : 0.353029 seconds

=====================
2015-12-07 01:24:51
16 threads
220 trees
12 iterations
8.444291 1.000000
218 2 
Time : 0.356249 seconds

=====================
2015-12-07 01:24:52
16 threads
220 trees
12 iterations
8.444291 1.000000
218 2 
Time : 0.309786 seconds

=====================
2015-12-07 01:24:52
16 threads
220 trees
12 iterations
17.104249 1.000000
8 25 7 9 6 1 6 6 25 3 4 8 3 1 12 11 9 4 2 6 4 1 2 8 1 4 1 1 2 1 2 2 1 1 1 1 1 2 5 2 1 1 1 1 2 1 1 2 1 1 2 1 1 1 1 1 1 1 
Time : 0.481885 seconds

=====================
2015-12-07 01:24:53
16 threads
220 trees
12 iterations
17.104249 1.000000
8 25 7 9 6 1 6 6 25 3 4 8 3 1 12 11 9 4 2 6 4 1 2 8 1 4 1 1 2 1 2 2 1 1 1 1 1 2 5 2 1 1 1 1 2 1 1 2 1 1 2 1 1 1 1 1 1 1 
Time : 0.469232 seconds

=====================
2015-12-07 01:24:53
16 threads
220 trees
12 iterations
18.809402 1.000000
6 11 3 8 6 2 3 1 6 4 3 2 6 3 6 1 1 2 3 2 2 5 6 3 1 4 5 2 3 8 2 2 1 3 17 1 4 1 1 4 1 1 5 3 1 1 3 1 1 2 7 2 1 1 2 1 3 1 1 1 1 2 2 3 2 1 1 2 1 1 1 1 1 1 2 1 1 1 1 1 
Time : 0.475960 seconds

=====================
2015-12-07 01:24:54
16 threads
220 trees
12 iterations
18.809402 1.000000
6 11 3 8 6 2 3 1 6 4 3 2 6 3 6 1 1 2 3 2 2 5 6 3 1 4 5 2 3 8 2 2 1 3 17 1 4 1 1 4 1 1 5 3 1 1 3 1 1 2 7 2 1 1 2 1 3 1 1 1 1 2 2 3 2 1 1 2 1 1 1 1 1 1 2 1 1 1 1 1 
Time : 0.465289 seconds

=====================
2015-12-07 01:24:54
16 threads
220 trees
12 iterations
17.903879 1.000000
8 5 6 15 7 4 5 9 4 1 7 2 11 1 1 3 5 3 7 2 4 2 2 1 4 4 7 1 4 2 2 1 1 1 1 9 5 3 1 2 1 2 1 1 4 3 1 2 2 2 1 4 1 1 4 2 1 1 3 1 1 1 2 1 1 1 1 1 1 1 1 1 2 1 1 1 1 
Time : 0.474107 seconds

=====================
2015-12-07 01:24:55
16 threads
220 trees
12 iterations
11.230740 1.000000
211 5 2 1 1 
Time : 0.303165 seconds

=====================
2015-12-07 01:24:55
16 threads
220 trees
12 iterations
11.230740 1.000000
211 5 2 1 1 
Time : 0.305451 seconds

=====================
2015-12-07 01:24:56
16 threads
220 trees
12 iterations
11.230740 1.000000
211 5 2 1 1 
Time : 0.342432 seconds

=====================
2015-12-07 01:24:56
16 threads
220 trees
12 iterations
8.465472 1.000000
218 2 
Time : 0.315641 seconds

=====================
2015-12-07 01:24:56
16 threads
220 trees
12 iterations
8.465472 1.000000
218 2 
Time : 0.319774 seconds

=====================
2015-12-07 01:24:57
16 threads
220 trees
12 iterations
4.662483 1.000000
220 
Time : 0.290774 seconds

=====================
2015-12-07 01:24:57
16 threads
220 trees
12 iterations
4.662483 1.000000
220 
Time : 0.296791 seconds

=====================
2015-12-07 01:24:58
16 threads
220 trees
12 iterations
4.662483 1.000000
220 
Time : 0.294621 seconds

=====================
2015-12-07 01:24:58
16 threads
220 trees
12 iterations
6.846331 1.000000
220 
Time : 0.272385 seconds

=====================
2015-12-07 01:24:58
16 threads
220 trees
12 iterations
6.846331 1.000000
220 
Time : 0.304876 seconds

=====================
2015-12-07 01:24:59
16 threads
220 trees
12 iterations
6.846331 1.000000
220 
Time : 0.283380 seconds

=====================
2015-12-07 01:24:59
16 threads
220 trees
12 iterations
10.526962 1.000000
217 2 1 
Time : 0.298115 seconds

=====================
2015-12-07 01:24:59
32 threads
220 trees
12 iterations
10.526962 1.000000
217 2 1 
Time : 0.211914 seconds

=====================
2015-12-07 01:25:00
32 threads
220 trees
12 iterations
10.526962 1.000000
217 2 1 
Time : 0.223023 seconds

=====================
2015-12-07 01:25:00
32 threads
220 trees
12 iterations
16.184470 1.000000
5 5 33 7 7 3 1 13 19 8 5 15 1 8 11 2 2 4 11 15 2 1 6 1 2 1 3 1 1 1 2 2 4 2 1 1 1 2 1 1 2 2 1 1 1 1 1 
Time : 0.282321 seconds

=====================
2015-12-07 01:25:00
32 threads
220 trees
12 iterations
16.184470 1.000000
5 5 33 7 7 3 1 13 19 8 5 15 1 8 11 2 2 4 11 15 2 1 6 1 2 1 3 1 1 1 2 2 4 2 1 1 1 2 1 1 2 2 1 1 1 1 1 
Time : 0.279766 seconds

=====================
2015-12-07 01:25:01
32 threads
220 trees
12 iterations
16.184470 1.000000
5 5 33 7 7 3 1 13 19 8 5 15 1 8 11 2 2 4 11 15 2 1 6 1 2 1 3 1 1 1 2 2 4 2 1 1 1 2 1 1 2 2 1 1 1 1 1 
Time : 0.302378 seconds

=====================
2015-12-07 01:25:01
32 threads
220 trees
12 iterations
13.459358 1.000000
3 1 53 6 25 16 22 23 11 5 6 3 14 7 9 3 4 1 2 1 1 1 3 
Time : 0.240303 seconds

=====================
2015-12-07 01:25:01
32 threads
220 trees
12 iterations
13.459358 1.000000
3 1 53 6 25 16 22 23 11 5 6 3 14 7 9 3 4 1 2 1 1 1 3 
Time : 0.242215 seconds

=====================
2015-12-07 01:25:02
32 threads
220 trees
12 iterations
13.459358 1.000000
3 1 53 6 25 16 22 23 11 5 6 3 14 7 9 3 4 1 2 1 1 1 3 
Time : 0.236819 seconds

=====================
2015-12-07 01:25:02
32 threads
220 trees
12 iterations
18.112043 1.000000
12 3 2 6 14 14 2 1 1 2 16 7 2 2 5 4 14 2 3 2 2 2 7 1 3 4 1 2 6 4 1 3 1 3 1 3 1 5 2 2 3 3 2 3 3 1 1 1 1 1 1 3 3 1 2 1 2 2 1 4 1 1 1 1 1 1 1 1 1 1 1 2 
Time : 0.299823 seconds

=====================
2015-12-07 01:25:03
32 threads
220 trees
12 iterations
18.112043 1.000000
12 3 2 6 14 14 2 1 1 2 16 7 2 2 5 4 14 2 3 2 2 2 7 1 3 4 1 2 6 4 1 3 1 3 1 3 1 5 2 2 3 3 2 3 3 1 1 1 1 1 1 3 3 1 2 1 2 2 1 4 1 1 1 1 1 1 1 1 1 1 1 2 
Time : 0.305161 seconds

=====================
2015-12-07 01:25:03
32 threads
220 trees
12 iterations
9.271716 1.000000
220 
Time : 0.210856 seconds

=====================
2015-12-07 01:25:03
32 threads
220 trees
12 iterations
9.271716 1.000000
220 
Time : 0.190480 seconds

=====================
2015-12-07 01:25:03
32 threads
220 trees
12 iterations
9.271716 1.000000
220 
Time : 0.181709 seconds

=====================
2015-12-07 01:25:04
32 threads
220 trees
12 iterations
9.271716 1.000000
220 
Time : 0.182838 seconds

=====================
2015-12-07 01:25:04
32 threads
220 trees
12 iterations
17.230937 1.000000
3 21 2 2 3 15 7 2 3 3 5 2 7 12 8 5 1 1 4 2 15 1 2 7 3 12 2 7 5 1 1 6 3 1 4 3 1 1 3 1 1 1 3 2 4 2 1 4 1 1 1 2 1 2 1 1 1 1 1 1 1 
Time : 0.334548 seconds

=====================
2015-12-07 01:25:04
32 threads
220 trees
12 iterations
17.230937 1.000000
3 21 2 2 3 15 7 2 3 3 5 2 7 12 8 5 1 1 4 2 15 1 2 7 3 12 2 7 5 1 1 6 3 1 4 3 1 1 3 1 1 1 3 2 4 2 1 4 1 1 1 2 1 2 1 1 1 1 1 1 1 
Time : 0.317476 seconds

=====================
2015-12-07 01:25:05
32 threads
220 trees
12 iterations
9.578860 1.000000
214 3 2 1 
Time : 0.205621 seconds

=====================
2015-12-07 01:25:05
32 threads
220 trees
12 iterations
9.578860 1.000000
214 3 2 1 
Time : 0.224067 seconds

=====================
2015-12-07 01:25:05
32 threads
220 trees
12 iterations
9.578860 1.000000
214 3 2 1 
Time : 0.228052 seconds

=====================
2015-12-07 01:25:06
32 threads
220 trees
12 iterations
9.578860 1.000000
214 3 2 1 
Time : 0.225713 seconds

=====================
2015-12-07 01:25:06
32 threads
220 trees
12 iterations
18.136897 1.000000
11 2 4 9 1 2 3 3 3 2 1 4 9 4 4 2 5 3 5 12 7 4 9 3 9 5 3 9 1 6 1 6 1 1 2 4 1 3 2 4 1 3 4 1 4 1 3 2 1 2 1 1 4 1 1 1 2 1 1 1 1 2 1 1 1 1 1 1 1 1 1 1 1 
Time : 0.345871 seconds

=====================
2015-12-07 01:25:07
32 threads
220 trees
12 iterations
18.136897 1.000000
11 2 4 9 1 2 3 3 3 2 1 4 9 4 4 2 5 3 5 12 7 4 9 3 9 5 3 9 1 6 1 6 1 1 2 4 1 3 2 4 1 3 4 1 4 1 3 2 1 2 1 1 4 1 1 1 2 1 1 1 1 2 1 1 1 1 1 1 1 1 1 1 1 
Time : 0.329169 seconds

=====================
2015-12-07 01:25:07
32 threads
220 trees
12 iterations
16.024934 1.000000
27 5 18 1 13 5 20 6 13 2 7 1 5 1 3 1 8 2 3 1 3 13 9 4 4 2 2 1 4 1 1 1 1 1 1 1 5 2 4 2 1 1 3 2 1 1 2 1 1 1 1 1 
Time : 0.286456 seconds

=====================
2015-12-07 01:25:07
32 threads
220 trees
12 iterations
16.024934 1.000000
27 5 18 1 13 5 20 6 13 2 7 1 5 1 3 1 8 2 3 1 3 13 9 4 4 2 2 1 4 1 1 1 1 1 1 1 5 2 4 2 1 1 3 2 1 1 2 1 1 1 1 1 
Time : 0.270564 seconds

=====================
2015-12-07 01:25:08
32 threads
220 trees
12 iterations
16.024934 1.000000
27 5 18 1 13 5 20 6 13 2 7 1 5 1 3 1 8 2 3 1 3 13 9 4 4 2 2 1 4 1 1 1 1 1 1 1 5 2 4 2 1 1 3 2 1 1 2 1 1 1 1 1 
Time : 0.295383 seconds

=====================
2015-12-07 01:25:08
32 threads
220 trees
12 iterations
11.664278 1.000000
193 2 7 9 2 4 3 
Time : 0.216074 seconds

=====================
2015-12-07 01:25:08
32 threads
220 trees
12 iterations
11.664278 1.000000
193 2 7 9 2 4 3 
Time : 0.211158 seconds

=====================
2015-12-07 01:25:09
32 threads
220 trees
12 iterations
11.664278 1.000000
193 2 7 9 2 4 3 
Time : 0.188200 seconds

=====================
2015-12-07 01:25:09
32 threads
220 trees
12 iterations
11.954249 1.000000
169 3 16 1 15 1 7 1 3 1 2 1 
Time : 0.225759 seconds

=====================
2015-12-07 01:25:09
32 threads
220 trees
12 iterations
11.954249 1.000000
169 3 16 1 15 1 7 1 3 1 2 1 
Time : 0.227717 seconds

=====================
