2015-12-06 11:12:18
1 threads
130 trees
13 iterations
11.855670 1.000000
38 3 3 1 4 6 8 3 3 8 13 1 4 2 5 11 1 4 1 1 4 1 1 1 1 1 1
Time : 3.940350 seconds

=====================
2015-12-06 11:12:24
1 threads
130 trees
13 iterations
15.999831 1.000000
1 1 5 1 9 1 5 3 2 12 3 2 2 4 2 1 6 1 1 1 1 3 2 2 9 1 3 2 1 2 4 1 1 1 1 4 1 2 2 2 2 1 3 1 1 2 2 2 1 1 1 1 1 1 1 1
Time : 5.402466 seconds

=====================
2015-12-06 11:12:27
1 threads
130 trees
13 iterations
5.151387 1.000000
130
Time : 2.653836 seconds

=====================
2015-12-06 11:12:29
1 threads
130 trees
13 iterations
4.802018 1.000000
130
Time : 2.600939 seconds

=====================
2015-12-06 11:12:32
1 threads
130 trees
13 iterations
8.404556 1.000000
124 5 1
Time : 2.473804 seconds

=====================
2015-12-06 11:12:34
1 threads
130 trees
13 iterations
6.820415 1.000000
128 2
Time : 2.563428 seconds

=====================
2015-12-06 11:12:37
1 threads
130 trees
13 iterations
4.674820 1.000000
130
Time : 2.142798 seconds

=====================
2015-12-06 11:12:42
1 threads
130 trees
13 iterations
15.881571 1.000000
2 3 3 5 1 6 2 2 5 2 2 3 2 4 3 6 1 1 4 2 5 3 1 2 2 2 2 1 1 1 2 2 4 1 1 1 2 2 1 2 1 1 1 1 2 1 2 1 2 2 2 1 1 1 1 1 1 1 1 2 1 1 1 1 1 1 1
Time : 5.038251 seconds

=====================
2015-12-06 11:12:46
1 threads
130 trees
13 iterations
11.948434 1.000000
14 4 4 2 21 29 4 17 5 5 1 2 1 3 1 1 1 1 2 1 6 2 1 1 1
Time : 3.852825 seconds

=====================
2015-12-06 11:12:48
1 threads
130 trees
13 iterations
3.487717 1.000000
130
Time : 2.477116 seconds

=====================
2015-12-06 11:12:51
1 threads
130 trees
13 iterations
5.998352 1.000000
130
Time : 2.432138 seconds

=====================
2015-12-06 11:12:54
1 threads
130 trees
13 iterations
9.698451 1.000000
2 97 14 7 6 2 1 1
Time : 3.297804 seconds

=====================
2015-12-06 11:13:00
1 threads
130 trees
13 iterations
15.641709 1.000000
6 2 2 9 3 7 16 1 3 3 3 1 2 4 2 3 4 3 4 6 1 1 1 2 7 1 1 1 5 2 1 1 1 1 1 2 1 1 2 1 1 1 1 1 1 1 1 1 1 1 1 1
Time : 5.178332 seconds

=====================
2015-12-06 11:13:02
1 threads
130 trees
13 iterations
7.837976 1.000000
120 10
Time : 2.382939 seconds

=====================
2015-12-06 11:13:06
1 threads
130 trees
13 iterations
10.491687 1.000000
4 6 6 71 8 9 3 4 1 6 5 1 1 3 1 1
Time : 3.567030 seconds

=====================
2015-12-06 11:13:09
2 threads
130 trees
13 iterations
15.042623 1.000000
5 8 2 1 5 3 3 13 1 5 1 4 6 2 2 6 6 4 3 2 1 5 3 1 1 4 3 1 2 1 1 2 4 1 1 1 2 1 2 1 1 1 3 2 1 1 1
Time : 3.198288 seconds

=====================
2015-12-06 11:13:12
2 threads
130 trees
13 iterations
7.306178 1.000000
124 5 1
Time : 2.077466 seconds

=====================
2015-12-06 11:13:14
2 threads
130 trees
13 iterations
9.346545 1.000000
91 5 18 7 1 1 4 3
Time : 2.254731 seconds

=====================
2015-12-06 11:13:17
2 threads
130 trees
13 iterations
13.172438 1.000000
4 2 4 5 15 4 12 1 5 15 1 3 7 1 1 5 7 1 2 1 2 7 2 2 3 1 1 1 1 1 2 1 2 1 2 1 3 1
Time : 2.746300 seconds

=====================
2015-12-06 11:13:21
2 threads
130 trees
13 iterations
15.847045 1.000000
3 4 2 8 2 5 8 4 1 2 5 9 4 4 1 3 2 3 2 1 1 2 1 1 2 1 1 1 1 3 1 1 1 4 2 2 1 12 2 1 1 1 1 2 1 1 1 1 1 1 1 1 1 1 1
Time : 3.766853 seconds

=====================
2015-12-06 11:13:23
2 threads
130 trees
13 iterations
12.596196 1.000000
17 10 10 2 4 1 4 7 3 6 12 4 2 1 1 3 11 1 2 1 2 3 1 4 3 1 1 2 1 3 3 1 1 1 1
Time : 2.529641 seconds

=====================
2015-12-06 11:13:27
2 threads
130 trees
13 iterations
15.238963 1.000000
5 7 9 1 2 7 1 2 5 4 2 3 3 5 4 2 3 2 2 3 2 8 5 2 1 3 1 4 2 5 3 1 1 1 2 1 2 1 1 1 1 1 1 1 1 1 1 1 1 1 1
Time : 3.747891 seconds

=====================
2015-12-06 11:13:29
2 threads
130 trees
13 iterations
4.302696 1.000000
130
Time : 1.983930 seconds

=====================
2015-12-06 11:13:31
2 threads
130 trees
13 iterations
4.443799 1.000000
130
Time : 1.597126 seconds

=====================
2015-12-06 11:13:34
2 threads
130 trees
13 iterations
7.933795 1.000000
102 26 1 1
Time : 2.319325 seconds

=====================
2015-12-06 11:13:37
2 threads
130 trees
13 iterations
15.888990 1.000000
2 2 6 1 5 5 1 5 5 2 1 3 5 1 3 3 3 1 7 2 4 2 1 4 3 6 1 1 2 1 1 1 1 1 2 1 1 2 1 2 2 4 3 1 1 1 1 1 1 1 1 1 1 1 1 2 1 1 1 1 1 1
Time : 3.861952 seconds

=====================
2015-12-06 11:13:40
2 threads
130 trees
13 iterations
11.738446 1.000000
45 1 3 3 9 7 10 9 3 10 4 7 3 3 2 1 3 2 1 2 1 1
Time : 2.590336 seconds

=====================
2015-12-06 11:13:42
2 threads
130 trees
13 iterations
7.613725 1.000000
127 2 1
Time : 2.217586 seconds

=====================
2015-12-06 11:13:45
2 threads
130 trees
13 iterations
9.287563 1.000000
50 39 13 12 11 1 1 3
Time : 2.489751 seconds

=====================
2015-12-06 11:13:48
2 threads
130 trees
13 iterations
10.643949 1.000000
66 13 14 5 21 2 2 1 1 2 1 2
Time : 2.774404 seconds

=====================
2015-12-06 11:13:49
4 threads
130 trees
13 iterations
3.473902 1.000000
130
Time : 0.943807 seconds

=====================
2015-12-06 11:13:50
4 threads
130 trees
13 iterations
7.757783 1.000000
103 21 6
Time : 1.340428 seconds

=====================
2015-12-06 11:13:52
4 threads
130 trees
13 iterations
8.974305 1.000000
91 7 30 1 1
Time : 1.280107 seconds

=====================
2015-12-06 11:13:54
4 threads
130 trees
13 iterations
13.916830 1.000000
9 8 5 21 8 9 8 2 3 3 3 3 3 2 3 4 5 3 2 3 1 4 2 1 1 1 1 1 1 4 1 1 1 1 1 1
Time : 1.952506 seconds

=====================
2015-12-06 11:13:55
4 threads
130 trees
13 iterations
3.801945 1.000000
130
Time : 1.002204 seconds

=====================
2015-12-06 11:13:56
4 threads
130 trees
13 iterations
6.175785 1.000000
130
Time : 1.079482 seconds

=====================
2015-12-06 11:13:58
4 threads
130 trees
13 iterations
14.795885 1.000000
1 4 4 5 1 3 5 10 3 6 1 1 3 1 5 1 1 1 4 4 7 3 3 3 1 2 2 2 1 2 1 3 5 1 2 1 3 4 2 1 1 1 2 1 1 2 1 1 1 1 1 1 1 1 1
Time : 1.975453 seconds

=====================
2015-12-06 11:13:59
4 threads
130 trees
13 iterations
6.475779 1.000000
3 127
Time : 1.064389 seconds

=====================
2015-12-06 11:14:00
4 threads
130 trees
13 iterations
4.827750 1.000000
130
Time : 0.913206 seconds

=====================
2015-12-06 11:14:01
4 threads
130 trees
13 iterations
4.827750 1.000000
130
Time : 0.898181 seconds

=====================
2015-12-06 11:14:03
4 threads
130 trees
13 iterations
9.632285 1.000000
118 2 1 3 1 5
Time : 1.307052 seconds

=====================
2015-12-06 11:14:05
4 threads
130 trees
13 iterations
13.250221 1.000000
53 7 2 7 2 4 2 3 2 3 1 5 1 2 2 7 1 1 2 1 2 1 1 1 3 1 1 1 1 2 1 1 1 1 1 1 1 1
Time : 1.888187 seconds

=====================
2015-12-06 11:14:06
4 threads
130 trees
13 iterations
8.945153 1.000000
128 2
Time : 1.035381 seconds

=====================
2015-12-06 11:14:08
4 threads
130 trees
13 iterations
13.964318 1.000000
3 1 2 16 3 23 3 3 11 4 5 2 2 10 2 2 7 2 1 1 1 3 2 2 1 2 1 1 2 1 1 1 1 2 1 1 1 1 2
Time : 1.601886 seconds

=====================
2015-12-06 11:14:10
4 threads
130 trees
13 iterations
15.260889 1.000000
6 1 5 6 3 1 5 8 1 6 3 2 2 2 6 3 1 5 6 1 4 4 3 1 6 1 1 1 1 1 1 2 2 1 2 2 2 3 1 1 3 3 1 1 2 2 1 1 1 1 1
Time : 1.979231 seconds

=====================
2015-12-06 11:14:11
8 threads
130 trees
13 iterations
7.642125 1.000000
123 5 2
Time : 0.675935 seconds

=====================
2015-12-06 11:14:11
8 threads
130 trees
13 iterations
7.641894 1.000000
121 3 6
Time : 0.535051 seconds

=====================
2015-12-06 11:14:12
8 threads
130 trees
13 iterations
7.641894 1.000000
121 3 6
Time : 0.530237 seconds

=====================
2015-12-06 11:14:13
8 threads
130 trees
13 iterations
14.722541 1.000000
5 6 3 6 1 3 1 5 1 7 5 1 5 3 1 1 1 3 2 1 1 1 1 1 1 1 8 6 2 1 1 1 1 2 3 5 3 3 2 2 2 2 1 5 2 2 1 1 1 1 1 1 1 1 1
Time : 1.053781 seconds

=====================
2015-12-06 11:14:14
8 threads
130 trees
13 iterations
8.117837 1.000000
96 25 1 7 1
Time : 0.571093 seconds

=====================
2015-12-06 11:14:14
8 threads
130 trees
13 iterations
6.997908 1.000000
130
Time : 0.622137 seconds

=====================
2015-12-06 11:14:15
8 threads
130 trees
13 iterations
6.997908 1.000000
130
Time : 0.684802 seconds

=====================
2015-12-06 11:14:16
8 threads
130 trees
13 iterations
7.383008 1.000000
130
Time : 0.614800 seconds

=====================
2015-12-06 11:14:17
8 threads
130 trees
13 iterations
13.199181 1.000000
5 5 16 1 5 15 1 9 5 8 2 1 5 1 11 8 1 1 2 2 2 4 5 1 2 1 1 1 1 1 1 1 1 1 1 1 1
Time : 0.961776 seconds

=====================
2015-12-06 11:14:18
8 threads
130 trees
13 iterations
8.715271 1.000000
24 89 7 5 3 2
Time : 0.673081 seconds

=====================
2015-12-06 11:14:19
8 threads
130 trees
13 iterations
12.524636 1.000000
1 2 5 3 21 1 1 15 2 11 18 1 3 1 3 3 1 1 2 13 5 3 2 3 1 3 1 1 1 1 1
Time : 0.909570 seconds

=====================
2015-12-06 11:14:19
8 threads
130 trees
13 iterations
8.116167 1.000000
129 1
Time : 0.587666 seconds

=====================
2015-12-06 11:14:20
8 threads
130 trees
13 iterations
8.116167 1.000000
129 1
Time : 0.569928 seconds

=====================
2015-12-06 11:14:21
8 threads
130 trees
13 iterations
12.677704 1.000000
1 18 15 5 3 2 3 2 11 2 6 2 4 4 3 6 5 3 4 8 2 1 3 9 4 1 1 1 1
Time : 0.773839 seconds

=====================
2015-12-06 11:14:21
8 threads
130 trees
13 iterations
6.944295 1.000000
129 1
Time : 0.599113 seconds

=====================
2015-12-06 11:14:22
16 threads
130 trees
13 iterations
9.260073 1.000000
2 80 18 7 1 1 5 14 1 1
Time : 0.405554 seconds

=====================
2015-12-06 11:14:23
16 threads
130 trees
13 iterations
9.260073 1.000000
2 80 18 7 1 1 5 14 1 1
Time : 0.482180 seconds

=====================
2015-12-06 11:14:23
16 threads
130 trees
13 iterations
7.145293 1.000000
104 25 1
Time : 0.293259 seconds

=====================
2015-12-06 11:14:23
16 threads
130 trees
13 iterations
7.145293 1.000000
104 25 1
Time : 0.307638 seconds

=====================
2015-12-06 11:14:24
16 threads
130 trees
13 iterations
7.145293 1.000000
104 25 1
Time : 0.341496 seconds

=====================
2015-12-06 11:14:24
16 threads
130 trees
13 iterations
14.143383 1.000000
10 3 10 1 3 3 11 1 2 2 4 2 2 4 4 12 3 1 1 6 4 4 4 1 3 1 2 2 1 3 1 3 1 1 1 1 2 5 2 1 1 1
Time : 0.502782 seconds

=====================
2015-12-06 11:14:25
16 threads
130 trees
13 iterations
14.143383 1.000000
10 3 10 1 3 3 11 1 2 2 4 2 2 4 4 12 3 1 1 6 4 4 4 1 3 1 2 2 1 3 1 3 1 1 1 1 2 5 2 1 1 1
Time : 0.499566 seconds

=====================
2015-12-06 11:14:25
16 threads
130 trees
13 iterations
3.974237 1.000000
130
Time : 0.260019 seconds

=====================
2015-12-06 11:14:26
16 threads
130 trees
13 iterations
3.974237 1.000000
130
Time : 0.243825 seconds

=====================
2015-12-06 11:14:26
16 threads
130 trees
13 iterations
10.432627 1.000000
49 46 17 2 2 2 1 2 2 3 1 1 1 1
Time : 0.475343 seconds

=====================
2015-12-06 11:14:27
16 threads
130 trees
13 iterations
10.432627 1.000000
49 46 17 2 2 2 1 2 2 3 1 1 1 1
Time : 0.369505 seconds

=====================
2015-12-06 11:14:27
16 threads
130 trees
13 iterations
5.157754 1.000000
130
Time : 0.290521 seconds

=====================
2015-12-06 11:14:27
16 threads
130 trees
13 iterations
5.157754 1.000000
130
Time : 0.291135 seconds

=====================
2015-12-06 11:14:28
16 threads
130 trees
13 iterations
5.157754 1.000000
130
Time : 0.315453 seconds

=====================
2015-12-06 11:14:28
16 threads
130 trees
13 iterations
15.641165 1.000000
2 1 1 2 8 3 5 4 7 11 2 5 8 4 3 1 1 7 3 5 3 3 1 1 4 2 1 1 1 3 2 1 2 1 1 4 1 1 1 2 1 1 2 1 1 1 1 1 1 1
Time : 0.523510 seconds

=====================
2015-12-06 11:14:29
32 threads
130 trees
13 iterations
15.641165 1.000000
2 1 1 2 8 3 5 4 7 11 2 5 8 4 3 1 1 7 3 5 3 3 1 1 4 2 1 1 1 3 2 1 2 1 1 4 1 1 1 2 1 1 2 1 1 1 1 1 1 1
Time : 0.365057 seconds

=====================
2015-12-06 11:14:29
32 threads
130 trees
13 iterations
13.933784 1.000000
9 14 2 4 2 5 2 3 4 2 7 4 1 2 3 2 3 5 2 4 1 2 3 1 3 1 8 2 3 2 1 1 1 1 1 1 1 6 2 1 1 1 3 1 1 1
Time : 0.340707 seconds

=====================
2015-12-06 11:14:30
32 threads
130 trees
13 iterations
13.933784 1.000000
9 14 2 4 2 5 2 3 4 2 7 4 1 2 3 2 3 5 2 4 1 2 3 1 3 1 8 2 3 2 1 1 1 1 1 1 1 6 2 1 1 1 3 1 1 1
Time : 0.372998 seconds

=====================
2015-12-06 11:14:30
32 threads
130 trees
13 iterations
9.735866 1.000000
74 15 3 2 17 1 2 2 4 3 4 1 1 1
Time : 0.253500 seconds

=====================
2015-12-06 11:14:31
32 threads
130 trees
13 iterations
9.735866 1.000000
74 15 3 2 17 1 2 2 4 3 4 1 1 1
Time : 0.273521 seconds

=====================
2015-12-06 11:14:31
32 threads
130 trees
13 iterations
6.876896 1.000000
130
Time : 0.196128 seconds

=====================
2015-12-06 11:14:31
32 threads
130 trees
13 iterations
6.876896 1.000000
130
Time : 0.187868 seconds

=====================
2015-12-06 11:14:31
32 threads
130 trees
13 iterations
6.876896 1.000000
130
Time : 0.186530 seconds

=====================
2015-12-06 11:14:32
32 threads
130 trees
13 iterations
6.876896 1.000000
130
Time : 0.199579 seconds

=====================
2015-12-06 11:14:32
32 threads
130 trees
13 iterations
3.750102 1.000000
130
Time : 0.186408 seconds

=====================
2015-12-06 11:14:32
32 threads
130 trees
13 iterations
3.750102 1.000000
130
Time : 0.199610 seconds

=====================
2015-12-06 11:14:32
32 threads
130 trees
13 iterations
3.750102 1.000000
130
Time : 0.169082 seconds

=====================
2015-12-06 11:14:33
32 threads
130 trees
13 iterations
3.750102 1.000000
130
Time : 0.198626 seconds

=====================
2015-12-06 11:14:33
32 threads
130 trees
13 iterations
15.513388 1.000000
1 11 2 2 5 4 3 6 2 7 2 6 3 6 5 3 10 5 1 3 1 1 3 2 1 1 2 1 1 1 1 2 1 2 1 3 1 1 1 2 1 1 2 1 2 1 1 1 1 1 1 1
Time : 0.375091 seconds

=====================
2015-12-06 11:14:34
32 threads
130 trees
13 iterations
15.513388 1.000000
1 11 2 2 5 4 3 6 2 7 2 6 3 6 5 3 10 5 1 3 1 1 3 2 1 1 2 1 1 1 1 2 1 2 1 3 1 1 1 2 1 1 2 1 2 1 1 1 1 1 1 1
Time : 0.392446 seconds

=====================
