2015-12-06 11:14:50
1 threads
130 trees
13 iterations
10.490544 1.000000
74 27 7 1 11 2 4 1 1 1 1
Time : 3.221192 seconds

=====================
2015-12-06 11:14:53
1 threads
130 trees
13 iterations
4.029218 1.000000
130
Time : 2.842904 seconds

=====================
2015-12-06 11:14:56
1 threads
130 trees
13 iterations
9.984785 1.000000
65 18 7 19 4 2 5 2 2 2 2 1 1
Time : 3.332870 seconds

=====================
2015-12-06 11:15:01
1 threads
130 trees
13 iterations
11.820855 1.000000
21 4 15 3 2 3 1 1 8 2 22 8 1 5 4 2 4 9 2 1 1 1 2 1 1 1 1 1 1 1 1
Time : 4.720407 seconds

=====================
2015-12-06 11:15:05
1 threads
130 trees
13 iterations
9.755916 1.000000
96 6 4 8 4 1 7 1 1 1 1
Time : 3.234279 seconds

=====================
2015-12-06 11:15:08
1 threads
130 trees
13 iterations
7.006979 1.000000
127 1 2
Time : 2.999122 seconds

=====================
2015-12-06 11:15:11
1 threads
130 trees
13 iterations
3.655297 1.000000
130
Time : 2.540379 seconds

=====================
2015-12-06 11:15:14
1 threads
130 trees
13 iterations
8.437738 1.000000
101 7 7 2 4 5 4
Time : 3.616785 seconds

=====================
2015-12-06 11:15:18
1 threads
130 trees
13 iterations
11.306432 1.000000
34 4 1 1 5 10 23 8 5 8 1 3 1 11 1 1 1 3 2 2 2 1 1 1
Time : 3.720162 seconds

=====================
2015-12-06 11:15:22
1 threads
130 trees
13 iterations
3.918321 1.000000
130
Time : 3.598305 seconds

=====================
2015-12-06 11:15:25
1 threads
130 trees
13 iterations
6.491547 1.000000
129 1
Time : 2.423502 seconds

=====================
2015-12-06 11:15:29
1 threads
130 trees
13 iterations
10.238431 1.000000
82 13 6 2 1 10 1 1 2 5 2 1 1 1 1 1
Time : 4.009379 seconds

=====================
2015-12-06 11:15:33
1 threads
130 trees
13 iterations
15.238564 1.000000
1 1 5 6 4 27 3 3 1 2 3 1 6 5 2 1 1 7 3 1 2 1 3 1 1 2 1 1 3 1 8 1 1 1 1 2 1 1 3 1 2 1 1 2 2 1 2
Time : 4.520189 seconds

=====================
2015-12-06 11:15:38
1 threads
130 trees
13 iterations
13.321151 1.000000
2 10 4 3 8 1 4 4 13 9 7 6 13 7 4 9 1 3 3 1 1 1 1 3 2 1 2 1 1 1 1 1 1 1
Time : 4.549379 seconds

=====================
2015-12-06 11:15:42
1 threads
130 trees
13 iterations
10.019217 1.000000
85 2 2 2 7 2 6 8 1 8 4 2 1
Time : 3.986939 seconds

=====================
2015-12-06 11:15:45
2 threads
130 trees
13 iterations
12.528867 1.000000
25 3 9 17 4 13 8 3 7 1 8 1 3 3 1 2 2 3 3 3 1 1 2 1 1 2 1 1 1
Time : 2.929606 seconds

=====================
2015-12-06 11:15:48
2 threads
130 trees
13 iterations
10.341637 1.000000
13 17 40 12 4 8 10 10 4 6 2 1 1 2
Time : 2.827673 seconds

=====================
2015-12-06 11:15:52
2 threads
130 trees
13 iterations
13.159879 1.000000
13 8 1 10 4 3 2 2 1 3 2 2 6 5 1 14 1 9 6 3 1 1 2 11 4 1 1 1 1 2 1 1 1 1 1 1 1 1 1
Time : 3.443967 seconds

=====================
2015-12-06 11:15:55
2 threads
130 trees
13 iterations
15.722546 1.000000
5 3 5 1 4 12 2 1 3 5 1 4 4 1 2 6 4 1 1 5 3 7 2 4 1 2 2 1 4 3 2 4 1 1 3 2 1 1 2 1 1 2 1 1 1 1 1 1 1 1 1 1
Time : 3.494623 seconds

=====================
2015-12-06 11:15:58
2 threads
130 trees
13 iterations
9.601815 1.000000
5 43 51 14 1 4 6 1 1 1 1 1 1
Time : 2.621398 seconds

=====================
2015-12-06 11:16:01
2 threads
130 trees
13 iterations
9.791267 1.000000
8 4 11 88 3 4 6 4 1 1
Time : 2.193640 seconds

=====================
2015-12-06 11:16:03
2 threads
130 trees
13 iterations
6.152374 1.000000
130
Time : 2.175210 seconds

=====================
2015-12-06 11:16:06
2 threads
130 trees
13 iterations
12.425596 1.000000
8 16 8 14 8 6 6 2 19 2 1 10 2 5 2 1 2 1 1 1 3 1 1 1 1 1 2 1 1 1 1 1
Time : 3.196777 seconds

=====================
2015-12-06 11:16:08
2 threads
130 trees
13 iterations
4.042797 1.000000
130
Time : 1.919834 seconds

=====================
2015-12-06 11:16:11
2 threads
130 trees
13 iterations
11.187765 1.000000
2 17 13 6 17 7 9 7 1 1 5 12 2 11 6 2 1 1 1 1 1 3 2 1 1
Time : 3.120609 seconds

=====================
2015-12-06 11:16:16
2 threads
130 trees
13 iterations
14.906194 1.000000
1 1 4 1 6 2 10 3 3 1 17 4 1 3 3 1 7 5 1 4 1 2 2 3 1 4 1 5 1 1 2 1 4 2 1 1 1 1 1 1 1 1 2 2 2 1 1 1 1 1 1 1 1
Time : 4.160786 seconds

=====================
2015-12-06 11:16:18
2 threads
130 trees
13 iterations
5.788542 1.000000
130
Time : 1.793675 seconds

=====================
2015-12-06 11:16:21
2 threads
130 trees
13 iterations
14.257575 1.000000
7 7 10 6 3 8 1 5 3 1 13 3 2 1 1 3 2 1 3 3 1 2 2 1 1 1 7 2 2 1 2 1 1 1 2 1 2 2 1 1 3 1 1 2 1 2 1 1 1
Time : 3.045685 seconds

=====================
2015-12-06 11:16:24
2 threads
130 trees
13 iterations
11.992094 1.000000
10 3 7 40 12 9 5 9 2 7 1 1 3 1 6 2 2 1 3 2 2 1 1
Time : 2.541160 seconds

=====================
2015-12-06 11:16:26
2 threads
130 trees
13 iterations
4.752831 1.000000
130
Time : 1.966166 seconds

=====================
2015-12-06 11:16:27
4 threads
130 trees
13 iterations
4.651059 1.000000
130
Time : 0.997962 seconds

=====================
2015-12-06 11:16:28
4 threads
130 trees
13 iterations
14.230631 1.000000
7 15 1 2 8 2 1 7 9 6 4 3 3 1 9 2 1 2 2 3 3 1 1 1 3 4 2 2 1 1 1 1 3 1 4 1 2 2 1 2 1 1 1 1 1
Time : 1.530361 seconds

=====================
2015-12-06 11:16:29
4 threads
130 trees
13 iterations
5.361755 1.000000
130
Time : 0.746182 seconds

=====================
2015-12-06 11:16:30
4 threads
130 trees
13 iterations
5.361755 1.000000
130
Time : 0.859418 seconds

=====================
2015-12-06 11:16:32
4 threads
130 trees
13 iterations
12.408171 1.000000
8 21 4 5 26 2 7 6 12 2 1 3 3 6 4 1 2 1 1 1 1 2 1 1 1 2 1 2 1 1 1
Time : 1.670477 seconds

=====================
2015-12-06 11:16:33
4 threads
130 trees
13 iterations
5.055996 1.000000
130
Time : 1.049897 seconds

=====================
2015-12-06 11:16:34
4 threads
130 trees
13 iterations
8.313256 1.000000
108 16 1 3 2
Time : 1.171199 seconds

=====================
2015-12-06 11:16:36
4 threads
130 trees
13 iterations
13.459566 1.000000
1 10 1 16 5 18 7 1 1 8 3 2 2 1 7 1 3 4 1 2 1 1 1 3 2 1 3 3 1 1 1 2 2 2 1 1 1 1 1 1 1 1 1 1 1 1
Time : 1.806409 seconds

=====================
2015-12-06 11:16:38
4 threads
130 trees
13 iterations
11.381108 1.000000
14 26 5 3 38 1 2 8 8 4 3 4 2 1 1 3 1 2 1 1 1 1
Time : 1.382605 seconds

=====================
2015-12-06 11:16:40
4 threads
130 trees
13 iterations
13.265341 1.000000
10 1 5 2 10 16 2 1 4 10 1 13 5 2 1 6 3 1 4 1 1 2 6 2 2 2 2 1 1 1 1 1 1 2 1 1 1 1 1 1 1
Time : 1.662161 seconds

=====================
2015-12-06 11:16:42
4 threads
130 trees
13 iterations
13.369077 1.000000
6 3 1 1 16 14 8 3 2 1 4 1 1 6 1 1 2 15 8 1 3 2 1 5 2 2 1 1 2 1 2 1 2 1 1 1 2 1 1 1 1 1
Time : 1.999171 seconds

=====================
2015-12-06 11:16:43
4 threads
130 trees
13 iterations
5.921546 1.000000
130
Time : 0.955226 seconds

=====================
2015-12-06 11:16:45
4 threads
130 trees
13 iterations
15.876063 1.000000
2 3 12 13 1 3 1 2 1 4 2 1 1 4 5 9 5 1 1 1 1 5 3 1 2 1 2 2 1 1 1 1 3 1 1 1 1 1 1 2 1 1 2 2 1 1 1 1 4 1 1 1 1 1 1 1 1 1 1 1 1
Time : 1.959283 seconds

=====================
2015-12-06 11:16:47
4 threads
130 trees
13 iterations
14.768749 1.000000
8 8 2 11 8 4 2 5 4 3 5 1 1 7 6 1 3 4 1 1 3 1 2 1 2 1 1 7 1 1 1 1 2 2 1 1 1 1 2 2 1 1 2 1 1 1 1 2 1
Time : 2.065121 seconds

=====================
2015-12-06 11:16:49
4 threads
130 trees
13 iterations
3.843259 1.000000
130
Time : 1.222022 seconds

=====================
2015-12-06 11:16:49
8 threads
130 trees
13 iterations
5.974446 1.000000
129 1
Time : 0.593470 seconds

=====================
2015-12-06 11:16:50
8 threads
130 trees
13 iterations
5.974446 1.000000
129 1
Time : 0.548027 seconds

=====================
2015-12-06 11:16:51
8 threads
130 trees
13 iterations
14.309541 1.000000
14 2 13 3 1 2 1 1 3 2 2 2 4 1 1 5 10 2 1 1 3 4 2 2 1 1 6 1 1 1 2 2 2 2 1 2 3 7 2 1 1 1 2 1 3 1 2 1 1
Time : 1.033388 seconds

=====================
2015-12-06 11:16:52
8 threads
130 trees
13 iterations
9.956397 1.000000
90 7 6 8 4 5 2 2 2 1 1 1 1
Time : 0.746894 seconds

=====================
2015-12-06 11:16:53
8 threads
130 trees
13 iterations
9.068552 1.000000
123 3 2 2
Time : 0.665357 seconds

=====================
2015-12-06 11:16:54
8 threads
130 trees
13 iterations
15.575042 1.000000
6 1 1 3 8 1 2 5 2 1 7 2 6 1 2 2 1 2 2 3 2 1 2 3 4 3 2 2 1 4 1 1 3 1 1 2 1 1 1 3 1 1 1 1 1 1 1 3 3 1 1 1 2 2 1 2 1 2 1 1 1 1 1 1 1
Time : 1.145690 seconds

=====================
2015-12-06 11:16:55
8 threads
130 trees
13 iterations
5.710095 1.000000
130
Time : 0.572030 seconds

=====================
2015-12-06 11:16:55
8 threads
130 trees
13 iterations
7.392001 1.000000
130
Time : 0.663839 seconds

=====================
2015-12-06 11:16:56
8 threads
130 trees
13 iterations
7.392001 1.000000
130
Time : 0.661284 seconds

=====================
2015-12-06 11:16:57
8 threads
130 trees
13 iterations
6.173712 1.000000
130
Time : 0.590773 seconds

=====================
2015-12-06 11:16:57
8 threads
130 trees
13 iterations
6.422217 1.000000
130
Time : 0.622861 seconds

=====================
2015-12-06 11:16:58
8 threads
130 trees
13 iterations
11.144878 1.000000
35 11 6 9 8 11 14 2 3 12 4 4 1 3 1 1 1 1 2 1
Time : 0.807612 seconds

=====================
2015-12-06 11:16:59
8 threads
130 trees
13 iterations
11.144878 1.000000
35 11 6 9 8 11 14 2 3 12 4 4 1 3 1 1 1 1 2 1
Time : 0.881123 seconds

=====================
2015-12-06 11:17:00
8 threads
130 trees
13 iterations
15.874755 1.000000
6 4 7 3 2 3 2 2 3 9 4 2 1 5 1 2 1 1 3 4 1 1 2 1 5 1 1 4 2 1 2 4 1 1 1 4 2 2 2 1 2 1 1 1 3 2 1 1 1 2 4 1 1 1 1 1 1 1
Time : 1.046301 seconds

=====================
2015-12-06 11:17:01
8 threads
130 trees
13 iterations
9.943698 1.000000
39 33 17 1 22 5 2 3 1 4 2 1
Time : 0.739899 seconds

=====================
2015-12-06 11:17:02
16 threads
130 trees
13 iterations
9.943698 1.000000
39 33 17 1 22 5 2 3 1 4 2 1
Time : 0.366566 seconds

=====================
2015-12-06 11:17:02
16 threads
130 trees
13 iterations
12.494071 1.000000
5 2 17 1 11 6 21 7 2 7 14 2 1 14 1 1 1 2 2 1 1 4 2 1 1 1 1 1
Time : 0.484045 seconds

=====================
2015-12-06 11:17:03
16 threads
130 trees
13 iterations
7.821010 1.000000
128 2
Time : 0.333581 seconds

=====================
2015-12-06 11:17:03
16 threads
130 trees
13 iterations
7.821010 1.000000
128 2
Time : 0.406504 seconds

=====================
2015-12-06 11:17:04
16 threads
130 trees
13 iterations
7.821010 1.000000
128 2
Time : 0.367999 seconds

=====================
2015-12-06 11:17:04
16 threads
130 trees
13 iterations
8.983624 1.000000
103 3 1 18 4 1
Time : 0.334198 seconds

=====================
2015-12-06 11:17:05
16 threads
130 trees
13 iterations
8.983624 1.000000
103 3 1 18 4 1
Time : 0.314873 seconds

=====================
2015-12-06 11:17:05
16 threads
130 trees
13 iterations
9.181961 1.000000
1 92 17 10 2 2 1 4 1
Time : 0.382042 seconds

=====================
2015-12-06 11:17:06
16 threads
130 trees
13 iterations
9.181961 1.000000
1 92 17 10 2 2 1 4 1
Time : 0.390762 seconds

=====================
2015-12-06 11:17:06
16 threads
130 trees
13 iterations
10.353151 1.000000
12 60 3 5 7 21 1 11 2 4 4
Time : 0.384988 seconds

=====================
2015-12-06 11:17:07
16 threads
130 trees
13 iterations
10.353151 1.000000
12 60 3 5 7 21 1 11 2 4 4
Time : 0.410847 seconds

=====================
2015-12-06 11:17:07
16 threads
130 trees
13 iterations
4.778441 1.000000
130
Time : 0.210527 seconds

=====================
2015-12-06 11:17:07
16 threads
130 trees
13 iterations
4.778441 1.000000
130
Time : 0.240284 seconds

=====================
2015-12-06 11:17:07
16 threads
130 trees
13 iterations
4.778441 1.000000
130
Time : 0.209405 seconds

=====================
2015-12-06 11:17:08
16 threads
130 trees
13 iterations
4.778441 1.000000
130
Time : 0.236139 seconds

=====================
2015-12-06 11:17:08
32 threads
130 trees
13 iterations
8.694173 1.000000
82 20 8 1 3 12 1 2 1
Time : 0.214292 seconds

=====================
2015-12-06 11:17:08
32 threads
130 trees
13 iterations
8.694173 1.000000
82 20 8 1 3 12 1 2 1
Time : 0.189606 seconds

=====================
2015-12-06 11:17:09
32 threads
130 trees
13 iterations
8.694173 1.000000
82 20 8 1 3 12 1 2 1
Time : 0.223704 seconds

=====================
2015-12-06 11:17:09
32 threads
130 trees
13 iterations
3.865629 1.000000
130
Time : 0.182428 seconds

=====================
2015-12-06 11:17:09
32 threads
130 trees
13 iterations
3.865629 1.000000
130
Time : 0.195148 seconds

=====================
2015-12-06 11:17:09
32 threads
130 trees
13 iterations
3.865629 1.000000
130
Time : 0.185163 seconds

=====================
2015-12-06 11:17:10
32 threads
130 trees
13 iterations
3.865629 1.000000
130
Time : 0.183885 seconds

=====================
2015-12-06 11:17:10
32 threads
130 trees
13 iterations
4.333368 1.000000
130
Time : 0.139888 seconds

=====================
2015-12-06 11:17:10
32 threads
130 trees
13 iterations
4.333368 1.000000
130
Time : 0.148172 seconds

=====================
2015-12-06 11:17:10
32 threads
130 trees
13 iterations
4.333368 1.000000
130
Time : 0.133606 seconds

=====================
2015-12-06 11:17:10
32 threads
130 trees
13 iterations
4.333368 1.000000
130
Time : 0.140118 seconds

=====================
2015-12-06 11:17:11
32 threads
130 trees
13 iterations
4.333368 1.000000
130
Time : 0.129849 seconds

=====================
2015-12-06 11:17:11
32 threads
130 trees
13 iterations
14.454091 1.000000
2 10 7 3 3 1 3 2 20 1 7 1 3 1 2 2 2 1 3 11 6 2 3 3 2 1 1 1 1 4 1 1 2 1 2 1 1 3 1 1 2 1 1 1 1 1
Time : 0.325089 seconds

=====================
2015-12-06 11:17:11
32 threads
130 trees
13 iterations
14.454091 1.000000
2 10 7 3 3 1 3 2 20 1 7 1 3 1 2 2 2 1 3 11 6 2 3 3 2 1 1 1 1 4 1 1 2 1 2 1 1 3 1 1 2 1 1 1 1 1
Time : 0.332759 seconds

=====================
2015-12-06 11:17:12
32 threads
130 trees
13 iterations
9.278786 1.000000
20 98 3 5 3 1
Time : 0.212517 seconds

=====================
