2015-12-06 11:21:15
1 threads
160 trees
13 iterations
6.686909 1.000000
160
Time : 3.999315 seconds

=====================
2015-12-06 11:21:19
1 threads
160 trees
13 iterations
8.350885 1.000000
152 1 4 1 1 1
Time : 3.569170 seconds

=====================
2015-12-06 11:21:22
1 threads
160 trees
13 iterations
7.118645 1.000000
158 2
Time : 3.391769 seconds

=====================
2015-12-06 11:21:26
1 threads
160 trees
13 iterations
7.024806 1.000000
160
Time : 3.791103 seconds

=====================
2015-12-06 11:21:33
1 threads
160 trees
13 iterations
15.794640 1.000000
16 10 8 13 2 1 7 7 11 3 1 2 4 9 1 1 6 3 2 3 1 2 1 2 2 3 2 3 1 1 2 3 1 1 2 1 1 1 1 1 1 3 1 1 3 2 1 1 1 1 1 1 1
Time : 6.478379 seconds

=====================
2015-12-06 11:21:38
1 threads
160 trees
13 iterations
12.833108 1.000000
19 5 16 3 12 6 1 5 3 1 3 8 3 28 4 8 2 4 2 10 2 1 2 1 1 4 1 1 1 1 1 1
Time : 4.847885 seconds

=====================
2015-12-06 11:21:43
1 threads
160 trees
13 iterations
15.178369 1.000000
10 1 1 1 4 6 1 12 4 5 1 15 8 4 4 1 9 9 1 1 11 1 3 1 1 4 1 5 4 1 2 1 2 3 4 1 4 1 1 1 4 1 1 1 1 1 1
Time : 5.068710 seconds

=====================
2015-12-06 11:21:48
1 threads
160 trees
13 iterations
13.078510 1.000000
6 6 6 5 9 19 28 2 6 19 1 3 1 2 6 3 2 5 2 3 1 3 3 5 3 2 3 1 1 1 1 1 1
Time : 4.653858 seconds

=====================
2015-12-06 11:21:53
1 threads
160 trees
13 iterations
6.774291 1.000000
160
Time : 4.216818 seconds

=====================
2015-12-06 11:21:57
1 threads
160 trees
13 iterations
12.244447 1.000000
20 5 6 13 50 9 13 5 3 4 15 1 1 2 3 2 2 1 1 1 2 1
Time : 4.060574 seconds

=====================
2015-12-06 11:22:01
1 threads
160 trees
13 iterations
15.036430 1.000000
9 9 9 9 5 10 10 6 3 6 1 4 4 3 1 1 1 7 1 11 4 1 4 2 8 1 4 3 2 3 3 1 1 2 1 1 1 2 1 1 1 1 1 1
Time : 4.456866 seconds

=====================
2015-12-06 11:22:08
1 threads
160 trees
13 iterations
17.435648 1.000000
10 1 1 7 2 2 3 2 2 4 1 1 2 4 3 8 1 6 2 14 2 1 5 1 3 1 2 1 1 2 5 5 1 1 1 1 1 1 2 1 1 1 3 1 1 1 3 1 4 2 2 1 1 1 1 1 3 2 1 1 1 2 1 1 1 1 1 1 2 1 1 1
Time : 6.631013 seconds

=====================
2015-12-06 11:22:12
1 threads
160 trees
13 iterations
9.714522 1.000000
130 27 2 1
Time : 3.817246 seconds

=====================
2015-12-06 11:22:15
1 threads
160 trees
13 iterations
5.085400 1.000000
160
Time : 2.451604 seconds

=====================
2015-12-06 11:22:18
1 threads
160 trees
13 iterations
4.087721 1.000000
160
Time : 3.280283 seconds

=====================
2015-12-06 11:22:21
2 threads
160 trees
13 iterations
6.969643 1.000000
160
Time : 2.754731 seconds

=====================
2015-12-06 11:22:24
2 threads
160 trees
13 iterations
7.734680 1.000000
159 1
Time : 2.612697 seconds

=====================
2015-12-06 11:22:27
2 threads
160 trees
13 iterations
8.279124 1.000000
157 3
Time : 2.898551 seconds

=====================
2015-12-06 11:22:30
2 threads
160 trees
13 iterations
6.195741 1.000000
160
Time : 2.881627 seconds

=====================
2015-12-06 11:22:34
2 threads
160 trees
13 iterations
15.258445 1.000000
2 2 1 10 19 1 6 9 6 1 3 2 5 3 2 2 1 4 8 1 1 5 13 2 6 4 1 4 4 6 1 1 4 1 2 4 1 2 2 1 1 1 1 2 2
Time : 3.915160 seconds

=====================
2015-12-06 11:22:37
2 threads
160 trees
13 iterations
7.536107 1.000000
160
Time : 2.641441 seconds

=====================
2015-12-06 11:22:40
2 threads
160 trees
13 iterations
16.256386 1.000000
3 16 5 2 5 1 1 6 1 3 1 7 8 2 5 5 7 3 4 1 2 2 8 3 1 1 7 1 1 2 2 1 1 2 3 4 2 3 3 1 1 4 1 2 1 1 1 1 1 1 1 1 1 1 1 2 1 1 1
Time : 3.520473 seconds

=====================
2015-12-06 11:22:43
2 threads
160 trees
13 iterations
6.613246 1.000000
157 3
Time : 2.343060 seconds

=====================
2015-12-06 11:22:47
2 threads
160 trees
13 iterations
15.834962 1.000000
8 1 2 6 3 3 8 1 1 6 2 8 4 6 9 2 7 3 6 3 8 4 2 6 2 2 1 5 3 2 1 1 1 3 1 3 4 2 2 2 1 2 1 2 1 1 1 3 1 1 1 1
Time : 3.907122 seconds

=====================
2015-12-06 11:22:52
2 threads
160 trees
13 iterations
15.317344 1.000000
5 2 5 1 4 1 5 27 4 3 12 3 7 3 7 3 5 1 1 2 3 5 1 1 2 1 1 2 1 4 1 3 1 1 2 1 4 1 2 1 1 1 1 1 1 2 1 2 2 1 1 2 1 1 1 1 1
Time : 4.506222 seconds

=====================
2015-12-06 11:22:55
2 threads
160 trees
13 iterations
13.640352 1.000000
4 12 5 14 8 2 14 3 9 4 1 4 15 1 2 4 3 3 4 3 6 2 3 3 3 1 2 4 2 2 1 1 3 1 1 3 1 2 1 1 1 1
Time : 2.850615 seconds

=====================
2015-12-06 11:23:00
2 threads
160 trees
13 iterations
17.421752 1.000000
8 2 5 1 5 2 5 2 4 1 2 4 3 2 3 3 3 3 4 3 1 2 5 5 1 3 2 2 1 3 5 2 1 1 2 1 1 2 1 2 2 1 1 1 3 2 1 2 1 2 1 1 2 2 1 1 3 2 1 1 1 4 1 1 2 1 1 1 2 2 1 1 1 1 1
Time : 5.197573 seconds

=====================
2015-12-06 11:23:03
2 threads
160 trees
13 iterations
7.073238 1.000000
160
Time : 2.511698 seconds

=====================
2015-12-06 11:23:05
2 threads
160 trees
13 iterations
10.329542 1.000000
141 16 2 1
Time : 2.441632 seconds

=====================
2015-12-06 11:23:07
2 threads
160 trees
13 iterations
4.265913 1.000000
160
Time : 1.744633 seconds

=====================
2015-12-06 11:23:09
4 threads
160 trees
13 iterations
12.006904 1.000000
21 2 28 3 3 39 1 2 7 1 7 5 8 2 2 1 5 4 2 3 2 4 2 2 1 1 2
Time : 1.717447 seconds

=====================
2015-12-06 11:23:11
4 threads
160 trees
13 iterations
16.903200 1.000000
5 2 1 1 4 2 1 20 3 2 23 2 4 2 1 4 3 2 1 1 1 3 6 3 2 1 3 1 2 1 1 1 11 1 4 3 1 3 1 1 1 1 2 1 2 1 1 1 1 1 1 1 1 1 1 2 1 1 1 1 1 1 1
Time : 2.480146 seconds

=====================
2015-12-06 11:23:13
4 threads
160 trees
13 iterations
4.833564 1.000000
160
Time : 1.603749 seconds

=====================
2015-12-06 11:23:15
4 threads
160 trees
13 iterations
10.478029 1.000000
84 29 27 1 4 7 3 4 1
Time : 1.540566 seconds

=====================
2015-12-06 11:23:17
4 threads
160 trees
13 iterations
14.363208 1.000000
6 20 1 4 1 1 3 13 9 1 8 6 2 3 1 5 10 5 3 11 7 1 1 1 1 2 1 1 3 1 2 1 2 2 1 1 1 1 1 2 1 1 1 1 1 1 2 2 1 1 1 1
Time : 2.357708 seconds

=====================
2015-12-06 11:23:19
4 threads
160 trees
13 iterations
8.037072 1.000000
153 6 1
Time : 1.285405 seconds

=====================
2015-12-06 11:23:21
4 threads
160 trees
13 iterations
10.844128 1.000000
3 20 74 5 7 17 7 10 7 3 1 4 2
Time : 1.811331 seconds

=====================
2015-12-06 11:23:23
4 threads
160 trees
13 iterations
16.004182 1.000000
3 1 14 7 7 4 14 4 1 7 4 1 2 2 11 4 6 4 5 1 3 5 1 4 1 4 2 1 1 2 2 1 5 3 2 1 1 1 1 3 1 3 2 1 1 1 1 1 1 1 1
Time : 2.377798 seconds

=====================
2015-12-06 11:23:25
4 threads
160 trees
13 iterations
7.130898 1.000000
160
Time : 1.228037 seconds

=====================
2015-12-06 11:23:26
4 threads
160 trees
13 iterations
9.084414 1.000000
145 14 1
Time : 1.200382 seconds

=====================
2015-12-06 11:23:27
4 threads
160 trees
13 iterations
4.766893 1.000000
160
Time : 1.302590 seconds

=====================
2015-12-06 11:23:28
4 threads
160 trees
13 iterations
5.519215 1.000000
160
Time : 1.114029 seconds

=====================
2015-12-06 11:23:30
4 threads
160 trees
13 iterations
8.962198 1.000000
135 20 3 1 1
Time : 1.600398 seconds

=====================
2015-12-06 11:23:31
4 threads
160 trees
13 iterations
7.256770 1.000000
2 158
Time : 1.090308 seconds

=====================
2015-12-06 11:23:33
4 threads
160 trees
13 iterations
4.450123 1.000000
160
Time : 1.255461 seconds

=====================
2015-12-06 11:23:34
8 threads
160 trees
13 iterations
11.355366 1.000000
36 56 18 5 15 1 13 5 4 2 1 1 1 1 1
Time : 0.814064 seconds

=====================
2015-12-06 11:23:35
8 threads
160 trees
13 iterations
15.712529 1.000000
8 1 9 2 7 11 4 3 2 13 4 3 9 11 2 2 5 6 3 1 4 3 7 1 1 2 1 1 1 1 1 3 1 1 1 1 1 2 3 3 1 4 1 1 3 1 1 1 1 1
Time : 0.996662 seconds

=====================
2015-12-06 11:23:36
8 threads
160 trees
13 iterations
13.629846 1.000000
5 6 2 39 12 1 5 7 7 1 2 12 1 7 4 5 4 4 1 4 2 2 1 3 1 2 2 1 1 1 1 2 3 2 1 1 1 3 1
Time : 0.976892 seconds

=====================
2015-12-06 11:23:37
8 threads
160 trees
13 iterations
6.376827 1.000000
160
Time : 0.650832 seconds

=====================
2015-12-06 11:23:37
8 threads
160 trees
13 iterations
11.290186 1.000000
5 41 5 2 35 12 15 30 5 2 1 1 2 3 1
Time : 0.777511 seconds

=====================
2015-12-06 11:23:39
8 threads
160 trees
13 iterations
15.469169 1.000000
1 2 14 5 3 2 8 8 4 4 11 4 1 4 5 11 8 5 2 3 1 5 1 1 1 4 2 2 1 2 4 4 1 1 1 1 2 1 1 3 1 2 1 1 1 1 1 1 1 1 1 1 1 1 1
Time : 1.295712 seconds

=====================
2015-12-06 11:23:40
8 threads
160 trees
13 iterations
15.807480 1.000000
2 28 1 1 3 1 1 11 3 4 2 1 2 2 1 2 2 3 3 1 5 1 2 4 3 7 5 1 1 7 1 3 1 1 3 1 3 1 2 2 1 4 1 1 2 1 3 2 2 1 1 2 1 1 1 1 1 2 1 1 1 1
Time : 1.269283 seconds

=====================
2015-12-06 11:23:41
8 threads
160 trees
13 iterations
9.415421 1.000000
145 2 1 2 1 6 2 1
Time : 0.668102 seconds

=====================
2015-12-06 11:23:42
8 threads
160 trees
13 iterations
9.134233 1.000000
157 1 2
Time : 0.655616 seconds

=====================
2015-12-06 11:23:43
8 threads
160 trees
13 iterations
16.461088 1.000000
3 7 1 2 1 4 4 7 2 5 2 5 4 3 11 1 6 3 5 2 1 2 2 4 3 1 7 6 3 5 3 2 8 1 2 3 2 2 1 1 1 7 2 1 1 1 1 1 1 1 1 1 1 1 1 1
Time : 1.201997 seconds

=====================
2015-12-06 11:23:44
8 threads
160 trees
13 iterations
6.131967 1.000000
160
Time : 0.642899 seconds

=====================
2015-12-06 11:23:45
8 threads
160 trees
13 iterations
12.584470 1.000000
43 7 2 8 11 2 7 3 1 2 1 16 6 1 9 9 2 9 2 1 7 4 1 2 1 1 2
Time : 1.011483 seconds

=====================
2015-12-06 11:23:46
8 threads
160 trees
13 iterations
5.506813 1.000000
160
Time : 0.619142 seconds

=====================
2015-12-06 11:23:47
8 threads
160 trees
13 iterations
8.165950 1.000000
158 2
Time : 0.645239 seconds

=====================
2015-12-06 11:23:48
8 threads
160 trees
13 iterations
15.560377 1.000000
7 5 1 11 2 2 2 1 2 1 21 2 6 10 17 2 2 4 4 6 1 1 1 3 2 2 1 1 2 2 1 3 1 3 1 1 2 1 4 2 1 5 1 1 1 1 1 1 1 1 1 1 1
Time : 1.058497 seconds

=====================
2015-12-06 11:23:48
16 threads
160 trees
13 iterations
14.478539 1.000000
4 6 8 16 18 5 1 10 4 13 3 1 13 4 4 2 2 5 2 3 4 1 3 1 2 2 1 3 1 3 1 2 2 2 2 1 1 1 1 1 1
Time : 0.547511 seconds

=====================
2015-12-06 11:23:49
16 threads
160 trees
13 iterations
4.785105 1.000000
160
Time : 0.279337 seconds

=====================
2015-12-06 11:23:49
16 threads
160 trees
13 iterations
4.785105 1.000000
160
Time : 0.264986 seconds

=====================
2015-12-06 11:23:50
16 threads
160 trees
13 iterations
4.785105 1.000000
160
Time : 0.275233 seconds

=====================
2015-12-06 11:23:50
16 threads
160 trees
13 iterations
13.224501 1.000000
4 2 13 13 1 3 25 6 4 1 2 13 1 1 18 2 2 7 1 6 1 3 3 3 2 6 1 6 4 1 1 1 1 2
Time : 0.629456 seconds

=====================
2015-12-06 11:23:51
16 threads
160 trees
13 iterations
13.224501 1.000000
4 2 13 13 1 3 25 6 4 1 2 13 1 1 18 2 2 7 1 6 1 3 3 3 2 6 1 6 4 1 1 1 1 2
Time : 0.585380 seconds

=====================
2015-12-06 11:23:52
16 threads
160 trees
13 iterations
8.005276 1.000000
158 2
Time : 0.475898 seconds

=====================
2015-12-06 11:23:52
16 threads
160 trees
13 iterations
8.155856 1.000000
159 1
Time : 0.381824 seconds

=====================
2015-12-06 11:23:53
16 threads
160 trees
13 iterations
8.155856 1.000000
159 1
Time : 0.457260 seconds

=====================
2015-12-06 11:23:53
16 threads
160 trees
13 iterations
12.903931 1.000000
8 9 10 18 2 4 14 27 7 1 1 2 1 13 2 2 6 2 5 6 2 1 5 1 1 4 3 1 1 1
Time : 0.551610 seconds

=====================
2015-12-06 11:23:54
16 threads
160 trees
13 iterations
12.903931 1.000000
8 9 10 18 2 4 14 27 7 1 1 2 1 13 2 2 6 2 5 6 2 1 5 1 1 4 3 1 1 1
Time : 0.525325 seconds

=====================
2015-12-06 11:23:55
16 threads
160 trees
13 iterations
17.480128 1.000000
2 6 6 4 2 3 2 4 19 1 2 3 1 2 1 6 9 8 2 6 3 1 1 1 1 2 1 5 1 3 1 2 5 2 1 1 5 3 4 1 2 5 1 1 2 1 1 1 1 1 1 1 2 1 1 1 1 1 1 1
Time : 0.618546 seconds

=====================
2015-12-06 11:23:55
16 threads
160 trees
13 iterations
6.376470 1.000000
160
Time : 0.288016 seconds

=====================
2015-12-06 11:23:56
16 threads
160 trees
13 iterations
6.376470 1.000000
160
Time : 0.305814 seconds

=====================
2015-12-06 11:23:56
16 threads
160 trees
13 iterations
13.096728 1.000000
4 18 1 4 2 17 4 34 4 4 5 20 8 5 2 1 1 2 5 5 2 1 1 2 2 1 1 1 1 1 1
Time : 0.506577 seconds

=====================
2015-12-06 11:23:57
32 threads
160 trees
13 iterations
13.096728 1.000000
4 18 1 4 2 17 4 34 4 4 5 20 8 5 2 1 1 2 5 5 2 1 1 2 2 1 1 1 1 1 1
Time : 0.358863 seconds

=====================
2015-12-06 11:23:57
32 threads
160 trees
13 iterations
8.312391 1.000000
142 12 6
Time : 0.272070 seconds

=====================
2015-12-06 11:23:57
32 threads
160 trees
13 iterations
8.312391 1.000000
142 12 6
Time : 0.274465 seconds

=====================
2015-12-06 11:23:58
32 threads
160 trees
13 iterations
8.312391 1.000000
142 12 6
Time : 0.269303 seconds

=====================
2015-12-06 11:23:58
32 threads
160 trees
13 iterations
10.462625 1.000000
28 1 105 11 2 6 2 2 1 2
Time : 0.309920 seconds

=====================
2015-12-06 11:23:59
32 threads
160 trees
13 iterations
10.462625 1.000000
28 1 105 11 2 6 2 2 1 2
Time : 0.306273 seconds

=====================
2015-12-06 11:23:59
32 threads
160 trees
13 iterations
7.298077 1.000000
159 1
Time : 0.246369 seconds

=====================
2015-12-06 11:23:59
32 threads
160 trees
13 iterations
7.298077 1.000000
159 1
Time : 0.230584 seconds

=====================
2015-12-06 11:24:00
32 threads
160 trees
13 iterations
7.298077 1.000000
159 1
Time : 0.224983 seconds

=====================
2015-12-06 11:24:00
32 threads
160 trees
13 iterations
10.651301 1.000000
3 97 1 4 31 16 3 3 2
Time : 0.341790 seconds

=====================
2015-12-06 11:24:00
32 threads
160 trees
13 iterations
10.651301 1.000000
3 97 1 4 31 16 3 3 2
Time : 0.309372 seconds

=====================
2015-12-06 11:24:01
32 threads
160 trees
13 iterations
10.651301 1.000000
3 97 1 4 31 16 3 3 2
Time : 0.293716 seconds

=====================
2015-12-06 11:24:01
32 threads
160 trees
13 iterations
4.996451 1.000000
160
Time : 0.233410 seconds

=====================
2015-12-06 11:24:01
32 threads
160 trees
13 iterations
4.996451 1.000000
160
Time : 0.233717 seconds

=====================
2015-12-06 11:24:02
32 threads
160 trees
13 iterations
13.710718 1.000000
6 15 4 36 7 8 8 3 4 5 2 1 20 2 3 2 1 2 5 2 1 1 1 1 2 3 1 1 1 1 1 1 2 1 2 1 1 1 1
Time : 0.413473 seconds

=====================
